0001 0.000000 I 20075 0.000000 0.000000 0.000000
0002 0.033333 B 2163 0.033333 0.033333 0.033333
0003 0.066667 B 3233 0.066667 0.066667 0.066667
0004 0.100000 P 5517 0.100000 0.100000 0.100000
0005 0.133333 P 563 0.133333 0.133333 0.133333
0006 0.166667 B 2014 0.166667 0.166667 0.166667
0007 0.200000 B 2971 0.200000 0.200000 0.200000
0008 0.233333 P 4840 0.233333 0.233333 0.233333
0009 0.266667 I 19859 0.266667 0.266667 0.266667
0010 0.300000 P 5692 0.300000 0.300000 0.300000
0011 0.333333 P 510 0.333333 0.333333 0.333333
0012 0.366667 B 2092 0.366667 0.366667 0.366667
0013 0.400000 B 2995 0.400000 0.400000 0.400000
0014 0.433333 P 5280 0.433333 0.433333 0.433333
0015 0.466667 B 2232 0.466667 0.466667 0.466667
0016 0.500000 P 4586 0.500000 0.500000 0.500000
0017 0.533333 I 19481 0.533333 0.533333 0.533333
0018 0.566667 B 2229 0.566667 0.566667 0.566667
0019 0.600000 B 3482 0.600000 0.600000 0.600000
0020 0.633333 P 5725 0.633333 0.633333 0.633333
0021 0.666667 B 2577 0.666667 0.666667 0.666667
0022 0.700000 P 5330 0.700000 0.700000 0.700000
0023 0.733333 P 440 0.733333 0.733333 0.733333
0024 0.766667 P 5453 0.766667 0.766667 0.766667
0025 0.800000 I 20183 0.800000 0.800000 0.800000
0026 0.833333 B 2867 0.833333 0.833333 0.833333
0027 0.866667 P 6474 0.866667 0.866667 0.866667
0028 0.900000 P 5742 0.900000 0.900000 0.900000
0029 0.933333 P 441 0.933333 0.933333 0.933333
0030 0.966667 B 3033 0.966667 0.966667 0.966667
0031 1.000000 P 6116 1.000000 1.000000 1.000000
0032 1.033333 P 5587 1.033333 1.033333 1.033333
0033 1.066667 I 20474 1.066667 1.066667 1.066667
0034 1.100000 P 6615 1.100000 1.100000 1.100000
0035 1.133333 P 475 1.133333 1.133333 1.133333
0036 1.166667 B 2875 1.166667 1.166667 1.166667
0037 1.200000 P 6375 1.200000 1.200000 1.200000
0038 1.233333 B 2704 1.233333 1.233333 1.233333
0039 1.266667 P 6211 1.266667 1.266667 1.266667
0040 1.300000 P 5749 1.300000 1.300000 1.300000
0041 1.333333 I 20138 1.333333 1.333333 1.333333
0042 1.366667 B 3136 1.366667 1.366667 1.366667
0043 1.400000 P 6745 1.400000 1.400000 1.400000
0044 1.433333 B 2821 1.433333 1.433333 1.433333
0045 1.466667 P 6433 1.466667 1.466667 1.466667
0046 1.500000 P 6059 1.500000 1.500000 1.500000
0047 1.533333 P 423 1.533333 1.533333 1.533333
0048 1.566667 P 6097 1.566667 1.566667 1.566667
0049 1.600000 I 20314 1.600000 1.600000 1.600000
0050 1.633333 B 2785 1.633333 1.633333 1.633333
0051 1.666667 P 6555 1.666667 1.666667 1.666667
0052 1.700000 P 5852 1.700000 1.700000 1.700000
0053 1.733333 P 479 1.733333 1.733333 1.733333
0054 1.766667 B 2746 1.766667 1.766667 1.766667
0055 1.800000 P 6099 1.800000 1.800000 1.800000
0056 1.833333 P 5762 1.833333 1.833333 1.833333
0057 1.866667 I 20298 1.866667 1.866667 1.866667
0058 1.900000 P 6541 1.900000 1.900000 1.900000
0059 1.933333 P 503 1.933333 1.933333 1.933333
0060 1.966667 B 3061 1.966667 1.966667 1.966667
0061 2.000000 P 6335 2.000000 2.000000 2.000000
0062 2.033333 B 2454 2.033333 2.033333 2.033333
0063 2.066667 P 6156 2.066667 2.066667 2.066667
0064 2.100000 P 5665 2.100000 2.100000 2.100000
0065 2.133333 I 20253 2.133333 2.133333 2.133333
0066 2.166667 B 2683 2.166667 2.166667 2.166667
0067 2.200000 P 6394 2.200000 2.200000 2.200000
0068 2.233333 B 2785 2.233333 2.233333 2.233333
0069 2.266667 P 6115 2.266667 2.266667 2.266667
0070 2.300000 P 5471 2.300000 2.300000 2.300000
0071 2.333333 P 503 2.333333 2.333333 2.333333
0072 2.366667 P 5384 2.366667 2.366667 2.366667
0073 2.400000 I 20312 2.400000 2.400000 2.400000
0074 2.433333 B 2612 2.433333 2.433333 2.433333
0075 2.466667 P 6634 2.466667 2.466667 2.466667
0076 2.500000 P 5907 2.500000 2.500000 2.500000
0077 2.533333 P 416 2.533333 2.533333 2.533333
0078 2.566667 B 2653 2.566667 2.566667 2.566667
0079 2.600000 P 6051 2.600000 2.600000 2.600000
0080 2.633333 P 5787 2.633333 2.633333 2.633333
0081 2.666667 I 20355 2.666667 2.666667 2.666667
0082 2.700000 P 5976 2.700000 2.700000 2.700000
0083 2.733333 P 574 2.733333 2.733333 2.733333
0084 2.766667 B 2530 2.766667 2.766667 2.766667
0085 2.800000 P 6087 2.800000 2.800000 2.800000
0086 2.833333 B 2314 2.833333 2.833333 2.833333
0087 2.866667 P 5746 2.866667 2.866667 2.866667
0088 2.900000 P 5271 2.900000 2.900000 2.900000
0089 2.933333 I 20065 2.933333 2.933333 2.933333
0090 2.966667 B 2710 2.966667 2.966667 2.966667
0091 3.000000 P 6530 3.000000 3.000000 3.000000
0092 3.033333 B 2630 3.033333 3.033333 3.033333
0093 3.066667 P 6316 3.066667 3.066667 3.066667
0094 3.100000 P 5703 3.100000 3.100000 3.100000
0095 3.133333 P 506 3.133333 3.133333 3.133333
0096 3.166667 P 5596 3.166667 3.166667 3.166667
0097 3.200000 I 20283 3.200000 3.200000 3.200000
0098 3.233333 B 2833 3.233333 3.233333 3.233333
0099 3.266667 P 6486 3.266667 3.266667 3.266667
0100 3.300000 P 5758 3.300000 3.300000 3.300000
0101 3.333333 P 504 3.333333 3.333333 3.333333
0102 3.366667 B 2631 3.366667 3.366667 3.366667
0103 3.400000 P 6009 3.400000 3.400000 3.400000
0104 3.433333 P 5416 3.433333 3.433333 3.433333
0105 3.466667 I 20592 3.466667 3.466667 3.466667
0106 3.500000 P 6586 3.500000 3.500000 3.500000
0107 3.533333 P 573 3.533333 3.533333 3.533333
0108 3.566667 B 2995 3.566667 3.566667 3.566667
0109 3.600000 P 6542 3.600000 3.600000 3.600000
0110 3.633333 B 2726 3.633333 3.633333 3.633333
0111 3.666667 P 6350 3.666667 3.666667 3.666667
0112 3.700000 P 5836 3.700000 3.700000 3.700000
0113 3.733333 I 20534 3.733333 3.733333 3.733333
0114 3.766667 B 2648 3.766667 3.766667 3.766667
0115 3.800000 P 6715 3.800000 3.800000 3.800000
0116 3.833333 B 2942 3.833333 3.833333 3.833333
0117 3.866667 P 6053 3.866667 3.866667 3.866667
0118 3.900000 P 5642 3.900000 3.900000 3.900000
0119 3.933333 P 494 3.933333 3.933333 3.933333
0120 3.966667 P 5979 3.966667 3.966667 3.966667
0121 4.000000 I 20454 4.000000 4.000000 4.000000
0122 4.033333 B 2724 4.033333 4.033333 4.033333
0123 4.066667 P 6644 4.066667 4.066667 4.066667
0124 4.100000 P 5825 4.100000 4.100000 4.100000
0125 4.133333 P 418 4.133333 4.133333 4.133333
0126 4.166667 B 2454 4.166667 4.166667 4.166667
0127 4.200000 P 6066 4.200000 4.200000 4.200000
0128 4.233333 P 5528 4.233333 4.233333 4.233333
0129 4.266667 I 20723 4.266667 4.266667 4.266667
0130 4.300000 P 6077 4.300000 4.300000 4.300000
0131 4.333333 P 593 4.333333 4.333333 4.333333
0132 4.366667 B 2457 4.366667 4.366667 4.366667
0133 4.400000 P 6119 4.400000 4.400000 4.400000
0134 4.433333 B 2595 4.433333 4.433333 4.433333
0135 4.466667 P 5742 4.466667 4.466667 4.466667
0136 4.500000 P 5403 4.500000 4.500000 4.500000
0137 4.533333 I 20577 4.533333 4.533333 4.533333
0138 4.566667 B 2344 4.566667 4.566667 4.566667
0139 4.600000 P 6368 4.600000 4.600000 4.600000
0140 4.633333 B 2352 4.633333 4.633333 4.633333
0141 4.666667 P 5694 4.666667 4.666667 4.666667
0142 4.700000 P 5197 4.700000 4.700000 4.700000
0143 4.733333 P 405 4.733333 4.733333 4.733333
0144 4.766667 P 5436 4.766667 4.766667 4.766667
0145 4.800000 I 20689 4.800000 4.800000 4.800000
0146 4.833333 B 2408 4.833333 4.833333 4.833333
0147 4.866667 P 6379 4.866667 4.866667 4.866667
0148 4.900000 P 5575 4.900000 4.900000 4.900000
0149 4.933333 P 489 4.933333 4.933333 4.933333
0150 4.966667 B 2459 4.966667 4.966667 4.966667
0151 5.000000 P 5862 5.000000 5.000000 5.000000
0152 5.033333 P 5401 5.033333 5.033333 5.033333
0153 5.066667 I 20713 5.066667 5.066667 5.066667
0154 5.100000 P 6209 5.100000 5.100000 5.100000
0155 5.133333 P 455 5.133333 5.133333 5.133333
0156 5.166667 B 2446 5.166667 5.166667 5.166667
0157 5.200000 P 5992 5.200000 5.200000 5.200000
0158 5.233333 B 2461 5.233333 5.233333 5.233333
0159 5.266667 P 5764 5.266667 5.266667 5.266667
0160 5.300000 P 5242 5.300000 5.300000 5.300000
0161 5.333333 I 20475 5.333333 5.333333 5.333333
0162 5.366667 B 2773 5.366667 5.366667 5.366667
0163 5.400000 P 6450 5.400000 5.400000 5.400000
0164 5.433333 B 2503 5.433333 5.433333 5.433333
0165 5.466667 P 6089 5.466667 5.466667 5.466667
0166 5.500000 P 5455 5.500000 5.500000 5.500000
0167 5.533333 P 386 5.533333 5.533333 5.533333
0168 5.566667 P 5519 5.566667 5.566667 5.566667
0169 5.600000 I 20289 5.600000 5.600000 5.600000
0170 5.633333 B 2563 5.633333 5.633333 5.633333
0171 5.666667 P 6469 5.666667 5.666667 5.666667
0172 5.700000 P 5650 5.700000 5.700000 5.700000
0173 5.733333 P 506 5.733333 5.733333 5.733333
0174 5.766667 B 2857 5.766667 5.766667 5.766667
0175 5.800000 P 5786 5.800000 5.800000 5.800000
0176 5.833333 P 5306 5.833333 5.833333 5.833333
0177 5.866667 I 20305 5.866667 5.866667 5.866667
0178 5.900000 P 6208 5.900000 5.900000 5.900000
0179 5.933333 P 466 5.933333 5.933333 5.933333
0180 5.966667 B 2747 5.966667 5.966667 5.966667
0181 6.000000 P 6308 6.000000 6.000000 6.000000
0182 6.033333 B 2825 6.033333 6.033333 6.033333
0183 6.066667 P 5827 6.066667 6.066667 6.066667
0184 6.100000 P 5564 6.100000 6.100000 6.100000
0185 6.133333 I 20304 6.133333 6.133333 6.133333
0186 6.166667 B 2779 6.166667 6.166667 6.166667
0187 6.200000 P 6483 6.200000 6.200000 6.200000
0188 6.233333 B 2767 6.233333 6.233333 6.233333
0189 6.266667 P 6333 6.266667 6.266667 6.266667
0190 6.300000 P 5560 6.300000 6.300000 6.300000
0191 6.333333 P 443 6.333333 6.333333 6.333333
0192 6.366667 P 5459 6.366667 6.366667 6.366667
0193 6.400000 I 20260 6.400000 6.400000 6.400000
0194 6.433333 B 2626 6.433333 6.433333 6.433333
0195 6.466667 P 6440 6.466667 6.466667 6.466667
0196 6.500000 P 5780 6.500000 6.500000 6.500000
0197 6.533333 P 440 6.533333 6.533333 6.533333
0198 6.566667 B 2788 6.566667 6.566667 6.566667
0199 6.600000 P 5758 6.600000 6.600000 6.600000
0200 6.633333 P 5368 6.633333 6.633333 6.633333
0201 6.666667 I 20247 6.666667 6.666667 6.666667
0202 6.700000 P 6167 6.700000 6.700000 6.700000
0203 6.733333 P 554 6.733333 6.733333 6.733333
0204 6.766667 B 2686 6.766667 6.766667 6.766667
0205 6.800000 P 5881 6.800000 6.800000 6.800000
0206 6.833333 B 2592 6.833333 6.833333 6.833333
0207 6.866667 P 5789 6.866667 6.866667 6.866667
0208 6.900000 P 5389 6.900000 6.900000 6.900000
0209 6.933333 I 20528 6.933333 6.933333 6.933333
0210 6.966667 B 2429 6.966667 6.966667 6.966667
0211 7.000000 P 6565 7.000000 7.000000 7.000000
0212 7.033333 B 2651 7.033333 7.033333 7.033333
0213 7.066667 P 6125 7.066667 7.066667 7.066667
0214 7.100000 P 5659 7.100000 7.100000 7.100000
0215 7.133333 P 447 7.133333 7.133333 7.133333
0216 7.166667 P 5584 7.166667 7.166667 7.166667
0217 7.200000 I 20470 7.200000 7.200000 7.200000
0218 7.233333 B 2708 7.233333 7.233333 7.233333
0219 7.266667 P 6513 7.266667 7.266667 7.266667
0220 7.300000 P 5821 7.300000 7.300000 7.300000
0221 7.333333 P 476 7.333333 7.333333 7.333333
0222 7.366667 B 2558 7.366667 7.366667 7.366667
0223 7.400000 P 5929 7.400000 7.400000 7.400000
0224 7.433333 P 5614 7.433333 7.433333 7.433333
0225 7.466667 I 20287 7.466667 7.466667 7.466667
0226 7.500000 P 6120 7.500000 7.500000 7.500000
0227 7.533333 P 559 7.533333 7.533333 7.533333
0228 7.566667 B 2655 7.566667 7.566667 7.566667
0229 7.600000 P 5839 7.600000 7.600000 7.600000
0230 7.633333 B 2445 7.633333 7.633333 7.633333
0231 7.666667 P 5940 7.666667 7.666667 7.666667
0232 7.700000 P 5343 7.700000 7.700000 7.700000
0233 7.733333 I 20488 7.733333 7.733333 7.733333
0234 7.766667 B 2792 7.766667 7.766667 7.766667
0235 7.800000 P 6611 7.800000 7.800000 7.800000
0236 7.833333 B 2455 7.833333 7.833333 7.833333
0237 7.866667 P 5833 7.866667 7.866667 7.866667
0238 7.900000 P 5355 7.900000 7.900000 7.900000
0239 7.933333 P 539 7.933333 7.933333 7.933333
0240 7.966667 P 5547 7.966667 7.966667 7.966667
0241 8.000000 I 20473 8.000000 8.000000 8.000000
0242 8.033333 B 2797 8.033333 8.033333 8.033333
0243 8.066667 P 6551 8.066667 8.066667 8.066667
0244 8.100000 P 5837 8.100000 8.100000 8.100000
0245 8.133333 P 467 8.133333 8.133333 8.133333
0246 8.166667 B 2915 8.166667 8.166667 8.166667
0247 8.200000 P 6082 8.200000 8.200000 8.200000
0248 8.233333 P 5566 8.233333 8.233333 8.233333
0249 8.266667 I 20275 8.266667 8.266667 8.266667
0250 8.300000 P 6072 8.300000 8.300000 8.300000
0251 8.333333 P 479 8.333333 8.333333 8.333333
0252 8.366667 B 2328 8.366667 8.366667 8.366667
0253 8.400000 P 6297 8.400000 8.400000 8.400000
0254 8.433333 B 2798 8.433333 8.433333 8.433333
0255 8.466667 P 5885 8.466667 8.466667 8.466667
0256 8.500000 P 5528 8.500000 8.500000 8.500000
0257 8.533333 I 20430 8.533333 8.533333 8.533333
0258 8.566667 B 2751 8.566667 8.566667 8.566667
0259 8.600000 P 6330 8.600000 8.600000 8.600000
0260 8.633333 B 2500 8.633333 8.633333 8.633333
0261 8.666667 P 6322 8.666667 8.666667 8.666667
0262 8.700000 P 5661 8.700000 8.700000 8.700000
0263 8.733333 P 453 8.733333 8.733333 8.733333
0264 8.766667 P 5637 8.766667 8.766667 8.766667
0265 8.800000 I 20229 8.800000 8.800000 8.800000
0266 8.833333 B 2941 8.833333 8.833333 8.833333
0267 8.866667 P 6697 8.866667 8.866667 8.866667
0268 8.900000 P 5823 8.900000 8.900000 8.900000
0269 8.933333 P 526 8.933333 8.933333 8.933333
0270 8.966667 B 2721 8.966667 8.966667 8.966667
0271 9.000000 P 5994 9.000000 9.000000 9.000000
0272 9.033333 P 5691 9.033333 9.033333 9.033333
0273 9.066667 I 20178 9.066667 9.066667 9.066667
0274 9.100000 P 6489 9.100000 9.100000 9.100000
0275 9.133333 P 519 9.133333 9.133333 9.133333
0276 9.166667 B 2820 9.166667 9.166667 9.166667
0277 9.200000 P 6223 9.200000 9.200000 9.200000
0278 9.233333 B 3050 9.233333 9.233333 9.233333
0279 9.266667 P 5982 9.266667 9.266667 9.266667
0280 9.300000 P 5905 9.300000 9.300000 9.300000
0281 9.333333 I 20447 9.333333 9.333333 9.333333
0282 9.366667 B 2938 9.366667 9.366667 9.366667
0283 9.400000 P 6788 9.400000 9.400000 9.400000
0284 9.433333 B 2817 9.433333 9.433333 9.433333
0285 9.466667 P 6463 9.466667 9.466667 9.466667
0286 9.500000 P 5886 9.500000 9.500000 9.500000
0287 9.533333 P 433 9.533333 9.533333 9.533333
0288 9.566667 P 5511 9.566667 9.566667 9.566667
0289 9.600000 I 20241 9.600000 9.600000 9.600000
0290 9.633333 B 2892 9.633333 9.633333 9.633333
0291 9.666667 P 6547 9.666667 9.666667 9.666667
0292 9.700000 P 5679 9.700000 9.700000 9.700000
0293 9.733333 P 530 9.733333 9.733333 9.733333
0294 9.766667 B 2605 9.766667 9.766667 9.766667
0295 9.800000 P 6185 9.800000 9.800000 9.800000
0296 9.833333 P 5627 9.833333 9.833333 9.833333
0297 9.866667 I 20448 9.866667 9.866667 9.866667
0298 9.900000 P 6030 9.900000 9.900000 9.900000
0299 9.933333 P 500 9.933333 9.933333 9.933333
0300 9.966667 B 2506 9.966667 9.966667 9.966667
0301 10.000000 P 5902 10.000000 10.000000 10.000000
0302 10.033333 B 2461 10.033333 10.033333 10.033333
0303 10.066667 P 5712 10.066667 10.066667 10.066667
0304 10.100000 P 5456 10.100000 10.100000 10.100000
0305 10.133333 I 20354 10.133333 10.133333 10.133333
0306 10.166667 B 2731 10.166667 10.166667 10.166667
0307 10.200000 P 6569 10.200000 10.200000 10.200000
0308 10.233333 B 2569 10.233333 10.233333 10.233333
0309 10.266667 P 5796 10.266667 10.266667 10.266667
0310 10.300000 P 5313 10.300000 10.300000 10.300000
0311 10.333333 P 407 10.333333 10.333333 10.333333
0312 10.366667 P 5506 10.366667 10.366667 10.366667
0313 10.400000 I 20176 10.400000 10.400000 10.400000
0314 10.433333 B 2953 10.433333 10.433333 10.433333
0315 10.466667 P 6274 10.466667 10.466667 10.466667
0316 10.500000 P 5643 10.500000 10.500000 10.500000
0317 10.533333 P 435 10.533333 10.533333 10.533333
0318 10.566667 B 2539 10.566667 10.566667 10.566667
0319 10.600000 P 5761 10.600000 10.600000 10.600000
0320 10.633333 P 5369 10.633333 10.633333 10.633333
0321 10.666667 I 20392 10.666667 10.666667 10.666667
0322 10.700000 P 6211 10.700000 10.700000 10.700000
0323 10.733333 P 586 10.733333 10.733333 10.733333
0324 10.766667 B 2723 10.766667 10.766667 10.766667
0325 10.800000 P 6110 10.800000 10.800000 10.800000
0326 10.833333 B 2680 10.833333 10.833333 10.833333
0327 10.866667 P 5882 10.866667 10.866667 10.866667
0328 10.900000 P 5647 10.900000 10.900000 10.900000
0329 10.933333 I 20252 10.933333 10.933333 10.933333
0330 10.966667 B 3129 10.966667 10.966667 10.966667
0331 11.000000 P 6402 11.000000 11.000000 11.000000
0332 11.033333 B 2874 11.033333 11.033333 11.033333
0333 11.066667 P 6068 11.066667 11.066667 11.066667
0334 11.100000 P 5466 11.100000 11.100000 11.100000
0335 11.133333 P 505 11.133333 11.133333 11.133333
0336 11.166667 P 5524 11.166667 11.166667 11.166667
0337 11.200000 I 20276 11.200000 11.200000 11.200000
0338 11.233333 B 2928 11.233333 11.233333 11.233333
0339 11.266667 P 6063 11.266667 11.266667 11.266667
0340 11.300000 P 5828 11.300000 11.300000 11.300000
0341 11.333333 P 427 11.333333 11.333333 11.333333
0342 11.366667 B 2633 11.366667 11.366667 11.366667
0343 11.400000 P 5745 11.400000 11.400000 11.400000
0344 11.433333 P 5865 11.433333 11.433333 11.433333
0345 11.466667 I 20042 11.466667 11.466667 11.466667
0346 11.500000 P 6056 11.500000 11.500000 11.500000
0347 11.533333 P 523 11.533333 11.533333 11.533333
0348 11.566667 B 2680 11.566667 11.566667 11.566667
0349 11.600000 P 6101 11.600000 11.600000 11.600000
0350 11.633333 B 2821 11.633333 11.633333 11.633333
0351 11.666667 P 6006 11.666667 11.666667 11.666667
0352 11.700000 P 5676 11.700000 11.700000 11.700000
0353 11.733333 I 20096 11.733333 11.733333 11.733333
0354 11.766667 B 2795 11.766667 11.766667 11.766667
0355 11.800000 P 6724 11.800000 11.800000 11.800000
0356 11.833333 B 2793 11.833333 11.833333 11.833333
0357 11.866667 P 6272 11.866667 11.866667 11.866667
0358 11.900000 P 5818 11.900000 11.900000 11.900000
0359 11.933333 P 528 11.933333 11.933333 11.933333
0360 11.966667 P 5898 11.966667 11.966667 11.966667
