0001 0.000000 I 5018 0.000000 0.000000 0.000000
0002 0.033000 P 523 0.033000 0.033000 0.033000
0003 0.067000 P 428 0.067000 0.067000 0.067000
0004 0.100000 P 446 0.100000 0.100000 0.100000
0005 0.133000 P 458 0.133000 0.133000 0.133000
0006 0.167000 P 383 0.167000 0.167000 0.167000
0007 0.200000 P 364 0.200000 0.200000 0.200000
0008 0.233000 P 277 0.233000 0.233000 0.233000
0009 0.267000 I 5001 0.267000 0.267000 0.267000
0010 0.300000 P 458 0.300000 0.300000 0.300000
0011 0.333000 P 477 0.333000 0.333000 0.333000
0012 0.367000 P 384 0.367000 0.367000 0.367000
0013 0.400000 P 461 0.400000 0.400000 0.400000
0014 0.433000 P 380 0.433000 0.433000 0.433000
0015 0.467000 P 339 0.467000 0.467000 0.467000
0016 0.500000 P 302 0.500000 0.500000 0.500000
0017 0.533000 I 4864 0.533000 0.533000 0.533000
0018 0.567000 P 530 0.567000 0.567000 0.567000
0019 0.600000 P 455 0.600000 0.600000 0.600000
0020 0.633000 P 467 0.633000 0.633000 0.633000
0021 0.667000 P 423 0.667000 0.667000 0.667000
0022 0.700000 P 411 0.700000 0.700000 0.700000
0023 0.733000 P 352 0.733000 0.733000 0.733000
0024 0.767000 P 252 0.767000 0.767000 0.767000
0025 0.800000 I 5032 0.800000 0.800000 0.800000
0026 0.833000 P 499 0.833000 0.833000 0.833000
0027 0.867000 P 438 0.867000 0.867000 0.867000
0028 0.900000 P 381 0.900000 0.900000 0.900000
0029 0.933000 P 364 0.933000 0.933000 0.933000
0030 0.967000 P 364 0.967000 0.967000 0.967000
0031 1.000000 P 307 1.000000 1.000000 1.000000
0032 1.033000 P 327 1.033000 1.033000 1.033000
0033 1.067000 I 4886 1.067000 1.067000 1.067000
0034 1.100000 P 468 1.100000 1.100000 1.100000
0035 1.133000 P 412 1.133000 1.133000 1.133000
0036 1.167000 P 430 1.167000 1.167000 1.167000
0037 1.200000 P 427 1.200000 1.200000 1.200000
0038 1.233000 P 386 1.233000 1.233000 1.233000
0039 1.267000 P 378 1.267000 1.267000 1.267000
0040 1.300000 P 252 1.300000 1.300000 1.300000
0041 1.333000 I 4901 1.333000 1.333000 1.333000
0042 1.367000 P 515 1.367000 1.367000 1.367000
0043 1.400000 P 462 1.400000 1.400000 1.400000
0044 1.433000 P 464 1.433000 1.433000 1.433000
0045 1.467000 P 424 1.467000 1.467000 1.467000
0046 1.500000 P 384 1.500000 1.500000 1.500000
0047 1.533000 P 351 1.533000 1.533000 1.533000
0048 1.567000 P 310 1.567000 1.567000 1.567000
0049 1.600000 I 4696 1.600000 1.600000 1.600000
0050 1.633000 P 402 1.633000 1.633000 1.633000
0051 1.667000 P 355 1.667000 1.667000 1.667000
0052 1.700000 P 336 1.700000 1.700000 1.700000
0053 1.733000 P 319 1.733000 1.733000 1.733000
0054 1.767000 P 293 1.767000 1.767000 1.767000
0055 1.800000 P 290 1.800000 1.800000 1.800000
0056 1.833000 P 241 1.833000 1.833000 1.833000
0057 1.867000 I 4591 1.867000 1.867000 1.867000
0058 1.900000 P 435 1.900000 1.900000 1.900000
0059 1.933000 P 377 1.933000 1.933000 1.933000
0060 1.967000 P 386 1.967000 1.967000 1.967000
0061 2.000000 P 342 2.000000 2.000000 2.000000
0062 2.033000 P 356 2.033000 2.033000 2.033000
0063 2.067000 P 320 2.067000 2.067000 2.067000
0064 2.100000 P 222 2.100000 2.100000 2.100000
0065 2.133000 I 4446 2.133000 2.133000 2.133000
0066 2.167000 P 406 2.167000 2.167000 2.167000
0067 2.200000 P 367 2.200000 2.200000 2.200000
0068 2.233000 P 336 2.233000 2.233000 2.233000
0069 2.267000 P 340 2.267000 2.267000 2.267000
0070 2.300000 P 350 2.300000 2.300000 2.300000
0071 2.333000 P 313 2.333000 2.333000 2.333000
0072 2.367000 P 286 2.367000 2.367000 2.367000
0073 2.400000 I 4220 2.400000 2.400000 2.400000
0074 2.433000 P 468 2.433000 2.433000 2.433000
0075 2.467000 P 307 2.467000 2.467000 2.467000
0076 2.500000 P 323 2.500000 2.500000 2.500000
0077 2.533000 P 348 2.533000 2.533000 2.533000
0078 2.567000 P 323 2.567000 2.567000 2.567000
0079 2.600000 P 263 2.600000 2.600000 2.600000
0080 2.633000 P 198 2.633000 2.633000 2.633000
0081 2.667000 I 4462 2.667000 2.667000 2.667000
0082 2.700000 P 354 2.700000 2.700000 2.700000
0083 2.733000 P 285 2.733000 2.733000 2.733000
0084 2.767000 P 269 2.767000 2.767000 2.767000
0085 2.800000 P 354 2.800000 2.800000 2.800000
0086 2.833000 P 298 2.833000 2.833000 2.833000
0087 2.867000 P 267 2.867000 2.867000 2.867000
0088 2.900000 P 239 2.900000 2.900000 2.900000
0089 2.933000 I 4386 2.933000 2.933000 2.933000
0090 2.967000 P 435 2.967000 2.967000 2.967000
0091 3.000000 P 351 3.000000 3.000000 3.000000
0092 3.033000 P 371 3.033000 3.033000 3.033000
0093 3.067000 P 343 3.067000 3.067000 3.067000
0094 3.100000 P 375 3.100000 3.100000 3.100000
0095 3.133000 P 325 3.133000 3.133000 3.133000
0096 3.167000 P 286 3.167000 3.167000 3.167000
0097 3.200000 I 4347 3.200000 3.200000 3.200000
0098 3.233000 P 433 3.233000 3.233000 3.233000
0099 3.267000 P 415 3.267000 3.267000 3.267000
0100 3.300000 P 366 3.300000 3.300000 3.300000
0101 3.333000 P 319 3.333000 3.333000 3.333000
0102 3.367000 P 364 3.367000 3.367000 3.367000
0103 3.400000 P 283 3.400000 3.400000 3.400000
0104 3.433000 P 269 3.433000 3.433000 3.433000
0105 3.467000 I 4409 3.467000 3.467000 3.467000
0106 3.500000 P 461 3.500000 3.500000 3.500000
0107 3.533000 P 436 3.533000 3.533000 3.533000
0108 3.567000 P 351 3.567000 3.567000 3.567000
0109 3.600000 P 286 3.600000 3.600000 3.600000
0110 3.633000 P 292 3.633000 3.633000 3.633000
0111 3.667000 P 346 3.667000 3.667000 3.667000
0112 3.700000 P 251 3.700000 3.700000 3.700000
0113 3.733000 I 4310 3.733000 3.733000 3.733000
0114 3.767000 P 409 3.767000 3.767000 3.767000
0115 3.800000 P 354 3.800000 3.800000 3.800000
0116 3.833000 P 425 3.833000 3.833000 3.833000
0117 3.867000 P 404 3.867000 3.867000 3.867000
0118 3.900000 P 321 3.900000 3.900000 3.900000
0119 3.933000 P 319 3.933000 3.933000 3.933000
0120 3.967000 P 257 3.967000 3.967000 3.967000
0121 4.000000 I 4168 4.000000 4.000000 4.000000
0122 4.033000 P 373 4.033000 4.033000 4.033000
0123 4.067000 P 352 4.067000 4.067000 4.067000
0124 4.100000 P 325 4.100000 4.100000 4.100000
0125 4.133000 P 334 4.133000 4.133000 4.133000
0126 4.167000 P 213 4.167000 4.167000 4.167000
0127 4.200000 P 295 4.200000 4.200000 4.200000
0128 4.233000 P 240 4.233000 4.233000 4.233000
0129 4.267000 I 4194 4.267000 4.267000 4.267000
0130 4.300000 P 353 4.300000 4.300000 4.300000
0131 4.333000 P 320 4.333000 4.333000 4.333000
0132 4.367000 P 321 4.367000 4.367000 4.367000
0133 4.400000 P 329 4.400000 4.400000 4.400000
0134 4.433000 P 306 4.433000 4.433000 4.433000
0135 4.467000 P 284 4.467000 4.467000 4.467000
0136 4.500000 P 198 4.500000 4.500000 4.500000
0137 4.533000 I 3979 4.533000 4.533000 4.533000
0138 4.567000 P 422 4.567000 4.567000 4.567000
0139 4.600000 P 368 4.600000 4.600000 4.600000
0140 4.633000 P 355 4.633000 4.633000 4.633000
0141 4.667000 P 300 4.667000 4.667000 4.667000
0142 4.700000 P 328 4.700000 4.700000 4.700000
0143 4.733000 P 331 4.733000 4.733000 4.733000
0144 4.767000 P 315 4.767000 4.767000 4.767000
0145 4.800000 I 4269 4.800000 4.800000 4.800000
0146 4.833000 P 481 4.833000 4.833000 4.833000
0147 4.867000 P 424 4.867000 4.867000 4.867000
0148 4.900000 P 419 4.900000 4.900000 4.900000
0149 4.933000 P 335 4.933000 4.933000 4.933000
0150 4.967000 P 348 4.967000 4.967000 4.967000
0151 5.000000 P 356 5.000000 5.000000 5.000000
0152 5.033000 P 249 5.033000 5.033000 5.033000
0153 5.067000 I 4557 5.067000 5.067000 5.067000
0154 5.100000 P 431 5.100000 5.100000 5.100000
0155 5.133000 P 351 5.133000 5.133000 5.133000
0156 5.167000 P 338 5.167000 5.167000 5.167000
0157 5.200000 P 256 5.200000 5.200000 5.200000
0158 5.233000 P 324 5.233000 5.233000 5.233000
0159 5.267000 P 217 5.267000 5.267000 5.267000
0160 5.300000 P 189 5.300000 5.300000 5.300000
0161 5.333000 I 4620 5.333000 5.333000 5.333000
0162 5.367000 P 373 5.367000 5.367000 5.367000
0163 5.400000 P 319 5.400000 5.400000 5.400000
0164 5.433000 P 317 5.433000 5.433000 5.433000
0165 5.467000 P 308 5.467000 5.467000 5.467000
0166 5.500000 P 339 5.500000 5.500000 5.500000
0167 5.533000 P 259 5.533000 5.533000 5.533000
0168 5.567000 P 256 5.567000 5.567000 5.567000
0169 5.600000 I 4546 5.600000 5.600000 5.600000
0170 5.633000 P 391 5.633000 5.633000 5.633000
0171 5.667000 P 386 5.667000 5.667000 5.667000
0172 5.700000 P 352 5.700000 5.700000 5.700000
0173 5.733000 P 323 5.733000 5.733000 5.733000
0174 5.767000 P 269 5.767000 5.767000 5.767000
0175 5.800000 P 259 5.800000 5.800000 5.800000
0176 5.833000 P 254 5.833000 5.833000 5.833000
0177 5.867000 I 4451 5.867000 5.867000 5.867000
0178 5.900000 P 364 5.900000 5.900000 5.900000
0179 5.933000 P 362 5.933000 5.933000 5.933000
0180 5.967000 P 352 5.967000 5.967000 5.967000
0181 6.000000 P 296 6.000000 6.000000 6.000000
0182 6.033000 P 307 6.033000 6.033000 6.033000
0183 6.067000 P 278 6.067000 6.067000 6.067000
0184 6.100000 P 163 6.100000 6.100000 6.100000
0185 6.133000 I 4384 6.133000 6.133000 6.133000
0186 6.167000 P 347 6.167000 6.167000 6.167000
0187 6.200000 P 313 6.200000 6.200000 6.200000
0188 6.233000 P 313 6.233000 6.233000 6.233000
0189 6.267000 P 257 6.267000 6.267000 6.267000
0190 6.300000 P 258 6.300000 6.300000 6.300000
0191 6.333000 P 219 6.333000 6.333000 6.333000
0192 6.367000 P 167 6.367000 6.367000 6.367000
0193 6.400000 I 4288 6.400000 6.400000 6.400000
0194 6.433000 P 321 6.433000 6.433000 6.433000
0195 6.467000 P 270 6.467000 6.467000 6.467000
0196 6.500000 P 304 6.500000 6.500000 6.500000
0197 6.533000 P 233 6.533000 6.533000 6.533000
0198 6.567000 P 276 6.567000 6.567000 6.567000
0199 6.600000 P 278 6.600000 6.600000 6.600000
0200 6.633000 P 177 6.633000 6.633000 6.633000
0201 6.667000 I 4288 6.667000 6.667000 6.667000
0202 6.700000 P 350 6.700000 6.700000 6.700000
0203 6.733000 P 333 6.733000 6.733000 6.733000
0204 6.767000 P 321 6.767000 6.767000 6.767000
0205 6.800000 P 349 6.800000 6.800000 6.800000
0206 6.833000 P 309 6.833000 6.833000 6.833000
0207 6.867000 P 256 6.867000 6.867000 6.867000
0208 6.900000 P 206 6.900000 6.900000 6.900000
0209 6.933000 I 4383 6.933000 6.933000 6.933000
0210 6.967000 P 400 6.967000 6.967000 6.967000
0211 7.000000 P 374 7.000000 7.000000 7.000000
0212 7.033000 P 385 7.033000 7.033000 7.033000
0213 7.067000 P 334 7.067000 7.067000 7.067000
0214 7.100000 P 323 7.100000 7.100000 7.100000
0215 7.133000 P 322 7.133000 7.133000 7.133000
0216 7.167000 P 222 7.167000 7.167000 7.167000
0217 7.200000 I 4535 7.200000 7.200000 7.200000
0218 7.233000 P 432 7.233000 7.233000 7.233000
0219 7.267000 P 314 7.267000 7.267000 7.267000
0220 7.300000 P 324 7.300000 7.300000 7.300000
0221 7.333000 P 330 7.333000 7.333000 7.333000
0222 7.367000 P 297 7.367000 7.367000 7.367000
0223 7.400000 P 246 7.400000 7.400000 7.400000
0224 7.433000 P 220 7.433000 7.433000 7.433000
0225 7.467000 I 4493 7.467000 7.467000 7.467000
0226 7.500000 P 414 7.500000 7.500000 7.500000
0227 7.533000 P 337 7.533000 7.533000 7.533000
0228 7.567000 P 345 7.567000 7.567000 7.567000
0229 7.600000 P 299 7.600000 7.600000 7.600000
0230 7.633000 P 266 7.633000 7.633000 7.633000
0231 7.667000 P 251 7.667000 7.667000 7.667000
0232 7.700000 P 179 7.700000 7.700000 7.700000
0233 7.733000 I 4488 7.733000 7.733000 7.733000
0234 7.767000 P 365 7.767000 7.767000 7.767000
0235 7.800000 P 329 7.800000 7.800000 7.800000
0236 7.833000 P 297 7.833000 7.833000 7.833000
0237 7.867000 P 310 7.867000 7.867000 7.867000
0238 7.900000 P 276 7.900000 7.900000 7.900000
0239 7.933000 P 251 7.933000 7.933000 7.933000
0240 7.967000 P 200 7.967000 7.967000 7.967000
0241 8.000000 I 4358 8.000000 8.000000 8.000000
0242 8.033000 P 369 8.033000 8.033000 8.033000
0243 8.067000 P 292 8.067000 8.067000 8.067000
0244 8.100000 P 303 8.100000 8.100000 8.100000
0245 8.133000 P 305 8.133000 8.133000 8.133000
0246 8.167000 P 317 8.167000 8.167000 8.167000
0247 8.200000 P 292 8.200000 8.200000 8.200000
0248 8.233000 P 182 8.233000 8.233000 8.233000
0249 8.267000 I 4145 8.267000 8.267000 8.267000
0250 8.300000 P 410 8.300000 8.300000 8.300000
0251 8.333000 P 419 8.333000 8.333000 8.333000
0252 8.367000 P 352 8.367000 8.367000 8.367000
0253 8.400000 P 454 8.400000 8.400000 8.400000
0254 8.433000 P 330 8.433000 8.433000 8.433000
0255 8.467000 P 337 8.467000 8.467000 8.467000
0256 8.500000 P 202 8.500000 8.500000 8.500000
0257 8.533000 I 4234 8.533000 8.533000 8.533000
0258 8.567000 P 421 8.567000 8.567000 8.567000
0259 8.600000 P 384 8.600000 8.600000 8.600000
0260 8.633000 P 339 8.633000 8.633000 8.633000
0261 8.667000 P 337 8.667000 8.667000 8.667000
0262 8.700000 P 363 8.700000 8.700000 8.700000
0263 8.733000 P 285 8.733000 8.733000 8.733000
0264 8.767000 P 199 8.767000 8.767000 8.767000
0265 8.800000 I 4496 8.800000 8.800000 8.800000
0266 8.833000 P 360 8.833000 8.833000 8.833000
0267 8.867000 P 442 8.867000 8.867000 8.867000
0268 8.900000 P 356 8.900000 8.900000 8.900000
0269 8.933000 P 357 8.933000 8.933000 8.933000
0270 8.967000 P 341 8.967000 8.967000 8.967000
0271 9.000000 P 325 9.000000 9.000000 9.000000
0272 9.033000 P 228 9.033000 9.033000 9.033000
0273 9.067000 I 4454 9.067000 9.067000 9.067000
0274 9.100000 P 387 9.100000 9.100000 9.100000
0275 9.133000 P 350 9.133000 9.133000 9.133000
0276 9.167000 P 270 9.167000 9.167000 9.167000
0277 9.200000 P 313 9.200000 9.200000 9.200000
0278 9.233000 P 321 9.233000 9.233000 9.233000
0279 9.267000 P 318 9.267000 9.267000 9.267000
0280 9.300000 P 260 9.300000 9.300000 9.300000
0281 9.333000 I 4401 9.333000 9.333000 9.333000
0282 9.367000 P 414 9.367000 9.367000 9.367000
0283 9.400000 P 441 9.400000 9.400000 9.400000
0284 9.433000 P 398 9.433000 9.433000 9.433000
0285 9.467000 P 409 9.467000 9.467000 9.467000
0286 9.500000 P 383 9.500000 9.500000 9.500000
0287 9.533000 P 334 9.533000 9.533000 9.533000
0288 9.567000 P 228 9.567000 9.567000 9.567000
0289 9.600000 I 4418 9.600000 9.600000 9.600000
0290 9.633000 P 407 9.633000 9.633000 9.633000
0291 9.667000 P 413 9.667000 9.667000 9.667000
0292 9.700000 P 360 9.700000 9.700000 9.700000
0293 9.733000 P 367 9.733000 9.733000 9.733000
0294 9.767000 P 324 9.767000 9.767000 9.767000
0295 9.800000 P 268 9.800000 9.800000 9.800000
0296 9.833000 P 213 9.833000 9.833000 9.833000
0297 9.867000 I 4620 9.867000 9.867000 9.867000
0298 9.900000 P 344 9.900000 9.900000 9.900000
0299 9.933000 P 432 9.933000 9.933000 9.933000
0300 9.967000 P 419 9.967000 9.967000 9.967000
