0001 0.000000 I 12566 0.000000 0.000000 0.000000
0002 0.033333 B 863 0.033333 0.033333 0.033333
0003 0.066667 B 883 0.066667 0.066667 0.066667
0004 0.100000 B 47 0.100000 0.100000 0.100000
0005 0.133333 B 1433 0.133333 0.133333 0.133333
0006 0.166667 B 722 0.166667 0.166667 0.166667
0007 0.200000 B 649 0.200000 0.200000 0.200000
0008 0.233333 B 632 0.233333 0.233333 0.233333
0009 0.266667 I 12654 0.266667 0.266667 0.266667
0010 0.300000 B 44 0.300000 0.300000 0.300000
0011 0.333333 B 1665 0.333333 0.333333 0.333333
0012 0.366667 B 657 0.366667 0.366667 0.366667
0013 0.400000 P 3558 0.400000 0.400000 0.400000
0014 0.433333 B 545 0.433333 0.433333 0.433333
0015 0.466667 B 1256 0.466667 0.466667 0.466667
0016 0.500000 B 34 0.500000 0.500000 0.500000
0017 0.533333 I 12555 0.533333 0.533333 0.533333
0018 0.566667 B 921 0.566667 0.566667 0.566667
0019 0.600000 B 1897 0.600000 0.600000 0.600000
0020 0.633333 P 3631 0.633333 0.633333 0.633333
0021 0.666667 B 908 0.666667 0.666667 0.666667
0022 0.700000 B 41 0.700000 0.700000 0.700000
0023 0.733333 B 1815 0.733333 0.733333 0.733333
0024 0.766667 B 937 0.766667 0.766667 0.766667
0025 0.800000 I 13205 0.800000 0.800000 0.800000
0026 0.833333 B 1288 0.833333 0.833333 0.833333
0027 0.866667 B 1183 0.866667 0.866667 0.866667
0028 0.900000 B 41 0.900000 0.900000 0.900000
0029 0.933333 B 2356 0.933333 0.933333 0.933333
0030 0.966667 B 1434 0.966667 0.966667 0.966667
0031 1.000000 B 1619 1.000000 1.000000 1.000000
0032 1.033333 B 1377 1.033333 1.033333 1.033333
0033 1.066667 I 13222 1.066667 1.066667 1.066667
0034 1.100000 B 43 1.100000 1.100000 1.100000
0035 1.133333 P 4440 1.133333 1.133333 1.133333
0036 1.166667 B 1270 1.166667 1.166667 1.166667
0037 1.200000 B 1474 1.200000 1.200000 1.200000
0038 1.233333 B 2098 1.233333 1.233333 1.233333
0039 1.266667 B 1251 1.266667 1.266667 1.266667
0040 1.300000 B 34 1.300000 1.300000 1.300000
0041 1.333333 I 13114 1.333333 1.333333 1.333333
0042 1.366667 B 1404 1.366667 1.366667 1.366667
0043 1.400000 B 2647 1.400000 1.400000 1.400000
0044 1.433333 B 1327 1.433333 1.433333 1.433333
0045 1.466667 P 4705 1.466667 1.466667 1.466667
0046 1.500000 B 45 1.500000 1.500000 1.500000
0047 1.533333 B 2153 1.533333 1.533333 1.533333
0048 1.566667 B 1253 1.566667 1.566667 1.566667
0049 1.600000 I 13259 1.600000 1.600000 1.600000
0050 1.633333 B 1369 1.633333 1.633333 1.633333
0051 1.666667 B 1364 1.666667 1.666667 1.666667
0052 1.700000 B 51 1.700000 1.700000 1.700000
0053 1.733333 B 2326 1.733333 1.733333 1.733333
0054 1.766667 B 1421 1.766667 1.766667 1.766667
0055 1.800000 B 1511 1.800000 1.800000 1.800000
0056 1.833333 B 1383 1.833333 1.833333 1.833333
0057 1.866667 I 13082 1.866667 1.866667 1.866667
0058 1.900000 B 45 1.900000 1.900000 1.900000
0059 1.933333 B 2290 1.933333 1.933333 1.933333
0060 1.966667 P 4353 1.966667 1.966667 1.966667
0061 2.000000 B 1397 2.000000 2.000000 2.000000
0062 2.033333 B 1222 2.033333 2.033333 2.033333
0063 2.066667 B 1931 2.066667 2.066667 2.066667
0064 2.100000 B 35 2.100000 2.100000 2.100000
0065 2.133333 I 12969 2.133333 2.133333 2.133333
0066 2.166667 B 1375 2.166667 2.166667 2.166667
0067 2.200000 B 1382 2.200000 2.200000 2.200000
0068 2.233333 B 2332 2.233333 2.233333 2.233333
0069 2.266667 B 1321 2.266667 2.266667 2.266667
0070 2.300000 P 4355 2.300000 2.300000 2.300000
0071 2.333333 B 67 2.333333 2.333333 2.333333
0072 2.366667 B 1604 2.366667 2.366667 2.366667
0073 2.400000 I 13080 2.400000 2.400000 2.400000
0074 2.433333 B 1318 2.433333 2.433333 2.433333
0075 2.466667 B 1369 2.466667 2.466667 2.466667
0076 2.500000 B 41 2.500000 2.500000 2.500000
0077 2.533333 B 2343 2.533333 2.533333 2.533333
0078 2.566667 B 1233 2.566667 2.566667 2.566667
0079 2.600000 B 1252 2.600000 2.600000 2.600000
0080 2.633333 B 1156 2.633333 2.633333 2.633333
0081 2.666667 I 12994 2.666667 2.666667 2.666667
0082 2.700000 B 52 2.700000 2.700000 2.700000
0083 2.733333 B 1897 2.733333 2.733333 2.733333
0084 2.766667 P 4177 2.766667 2.766667 2.766667
0085 2.800000 B 1040 2.800000 2.800000 2.800000
0086 2.833333 B 893 2.833333 2.833333 2.833333
0087 2.866667 B 2019 2.866667 2.866667 2.866667
0088 2.900000 B 33 2.900000 2.900000 2.900000
0089 2.933333 I 12991 2.933333 2.933333 2.933333
0090 2.966667 B 1020 2.966667 2.966667 2.966667
0091 3.000000 B 1413 3.000000 3.000000 3.000000
0092 3.033333 B 2421 3.033333 3.033333 3.033333
0093 3.066667 B 1441 3.066667 3.066667 3.066667
0094 3.100000 P 4591 3.100000 3.100000 3.100000
0095 3.133333 B 73 3.133333 3.133333 3.133333
0096 3.166667 B 1676 3.166667 3.166667 3.166667
0097 3.200000 I 13175 3.200000 3.200000 3.200000
0098 3.233333 B 1374 3.233333 3.233333 3.233333
0099 3.266667 B 1451 3.266667 3.266667 3.266667
0100 3.300000 B 43 3.300000 3.300000 3.300000
0101 3.333333 B 2188 3.333333 3.333333 3.333333
0102 3.366667 B 1159 3.366667 3.366667 3.366667
0103 3.400000 B 1369 3.400000 3.400000 3.400000
0104 3.433333 B 1232 3.433333 3.433333 3.433333
0105 3.466667 I 13356 3.466667 3.466667 3.466667
0106 3.500000 B 51 3.500000 3.500000 3.500000
0107 3.533333 B 2516 3.533333 3.533333 3.533333
0108 3.566667 B 1349 3.566667 3.566667 3.566667
0109 3.600000 P 4532 3.600000 3.600000 3.600000
0110 3.633333 B 1289 3.633333 3.633333 3.633333
0111 3.666667 B 2051 3.666667 3.666667 3.666667
0112 3.700000 B 34 3.700000 3.700000 3.700000
0113 3.733333 I 13416 3.733333 3.733333 3.733333
0114 3.766667 B 1149 3.766667 3.766667 3.766667
0115 3.800000 B 2125 3.800000 3.800000 3.800000
0116 3.833333 P 4648 3.833333 3.833333 3.833333
0117 3.866667 B 993 3.866667 3.866667 3.866667
0118 3.900000 B 41 3.900000 3.900000 3.900000
0119 3.933333 B 2015 3.933333 3.933333 3.933333
0120 3.966667 B 1248 3.966667 3.966667 3.966667
0121 4.000000 I 13211 4.000000 4.000000 4.000000
0122 4.033333 B 1341 4.033333 4.033333 4.033333
0123 4.066667 B 1434 4.066667 4.066667 4.066667
0124 4.100000 B 53 4.100000 4.100000 4.100000
0125 4.133333 B 2096 4.133333 4.133333 4.133333
0126 4.166667 B 1295 4.166667 4.166667 4.166667
0127 4.200000 B 1509 4.200000 4.200000 4.200000
0128 4.233333 B 1065 4.233333 4.233333 4.233333
0129 4.266667 I 13432 4.266667 4.266667 4.266667
0130 4.300000 B 49 4.300000 4.300000 4.300000
0131 4.333333 B 2028 4.333333 4.333333 4.333333
0132 4.366667 B 992 4.366667 4.366667 4.366667
0133 4.400000 P 4435 4.400000 4.400000 4.400000
0134 4.433333 B 1115 4.433333 4.433333 4.433333
0135 4.466667 B 1533 4.466667 4.466667 4.466667
0136 4.500000 B 37 4.500000 4.500000 4.500000
0137 4.533333 I 13515 4.533333 4.533333 4.533333
0138 4.566667 B 756 4.566667 4.566667 4.566667
0139 4.600000 B 1527 4.600000 4.600000 4.600000
0140 4.633333 P 4287 4.633333 4.633333 4.633333
0141 4.666667 B 579 4.666667 4.666667 4.666667
0142 4.700000 B 39 4.700000 4.700000 4.700000
0143 4.733333 B 1576 4.733333 4.733333 4.733333
0144 4.766667 B 830 4.766667 4.766667 4.766667
0145 4.800000 I 13436 4.800000 4.800000 4.800000
0146 4.833333 B 1084 4.833333 4.833333 4.833333
0147 4.866667 B 1173 4.866667 4.866667 4.866667
0148 4.900000 B 51 4.900000 4.900000 4.900000
0149 4.933333 B 2058 4.933333 4.933333 4.933333
0150 4.966667 B 1091 4.966667 4.966667 4.966667
0151 5.000000 B 1223 5.000000 5.000000 5.000000
0152 5.033333 B 1249 5.033333 5.033333 5.033333
0153 5.066667 I 13384 5.066667 5.066667 5.066667
0154 5.100000 B 46 5.100000 5.100000 5.100000
0155 5.133333 B 2047 5.133333 5.133333 5.133333
0156 5.166667 B 944 5.166667 5.166667 5.166667
0157 5.200000 P 4350 5.200000 5.200000 5.200000
0158 5.233333 B 973 5.233333 5.233333 5.233333
0159 5.266667 B 1668 5.266667 5.266667 5.266667
0160 5.300000 B 34 5.300000 5.300000 5.300000
0161 5.333333 I 13199 5.333333 5.333333 5.333333
0162 5.366667 B 1320 5.366667 5.366667 5.366667
0163 5.400000 B 1330 5.400000 5.400000 5.400000
0164 5.433333 B 2440 5.433333 5.433333 5.433333
0165 5.466667 B 1091 5.466667 5.466667 5.466667
0166 5.500000 B 53 5.500000 5.500000 5.500000
0167 5.533333 P 4364 5.533333 5.533333 5.533333
0168 5.566667 B 952 5.566667 5.566667 5.566667
0169 5.600000 I 13069 5.600000 5.600000 5.600000
0170 5.633333 B 1334 5.633333 5.633333 5.633333
0171 5.666667 B 1267 5.666667 5.666667 5.666667
0172 5.700000 B 47 5.700000 5.700000 5.700000
0173 5.733333 B 2084 5.733333 5.733333 5.733333
0174 5.766667 B 1479 5.766667 5.766667 5.766667
0175 5.800000 B 1451 5.800000 5.800000 5.800000
0176 5.833333 B 1150 5.833333 5.833333 5.833333
0177 5.866667 I 13165 5.866667 5.866667 5.866667
0178 5.900000 B 45 5.900000 5.900000 5.900000
0179 5.933333 B 2276 5.933333 5.933333 5.933333
0180 5.966667 B 1066 5.966667 5.966667 5.966667
0181 6.000000 P 4621 6.000000 6.000000 6.000000
0182 6.033333 B 1248 6.033333 6.033333 6.033333
0183 6.066667 B 1660 6.066667 6.066667 6.066667
0184 6.100000 B 37 6.100000 6.100000 6.100000
0185 6.133333 I 13011 6.133333 6.133333 6.133333
0186 6.166667 B 1370 6.166667 6.166667 6.166667
0187 6.200000 B 1357 6.200000 6.200000 6.200000
0188 6.233333 B 2485 6.233333 6.233333 6.233333
0189 6.266667 B 1287 6.266667 6.266667 6.266667
0190 6.300000 B 49 6.300000 6.300000 6.300000
0191 6.333333 P 4456 6.333333 6.333333 6.333333
0192 6.366667 B 948 6.366667 6.366667 6.366667
0193 6.400000 I 13061 6.400000 6.400000 6.400000
0194 6.433333 B 1215 6.433333 6.433333 6.433333
0195 6.466667 B 1173 6.466667 6.466667 6.466667
0196 6.500000 B 51 6.500000 6.500000 6.500000
0197 6.533333 B 2100 6.533333 6.533333 6.533333
0198 6.566667 B 1253 6.566667 6.566667 6.566667
0199 6.600000 B 1363 6.600000 6.600000 6.600000
0200 6.633333 B 1310 6.633333 6.633333 6.633333
0201 6.666667 I 13095 6.666667 6.666667 6.666667
0202 6.700000 B 59 6.700000 6.700000 6.700000
0203 6.733333 B 2157 6.733333 6.733333 6.733333
0204 6.766667 P 4326 6.766667 6.766667 6.766667
0205 6.800000 B 1059 6.800000 6.800000 6.800000
0206 6.833333 B 1282 6.833333 6.833333 6.833333
0207 6.866667 B 1930 6.866667 6.866667 6.866667
0208 6.900000 B 34 6.900000 6.900000 6.900000
0209 6.933333 I 13229 6.933333 6.933333 6.933333
0210 6.966667 B 874 6.966667 6.966667 6.966667
0211 7.000000 B 2298 7.000000 7.000000 7.000000
0212 7.033333 B 1007 7.033333 7.033333 7.033333
0213 7.066667 P 4628 7.066667 7.066667 7.066667
0214 7.100000 B 37 7.100000 7.100000 7.100000
0215 7.133333 B 1855 7.133333 7.133333 7.133333
0216 7.166667 B 981 7.166667 7.166667 7.166667
0217 7.200000 I 13153 7.200000 7.200000 7.200000
0218 7.233333 B 1303 7.233333 7.233333 7.233333
0219 7.266667 B 1223 7.266667 7.266667 7.266667
0220 7.300000 B 46 7.300000 7.300000 7.300000
0221 7.333333 B 2253 7.333333 7.333333 7.333333
0222 7.366667 B 1202 7.366667 7.366667 7.366667
0223 7.400000 B 1383 7.400000 7.400000 7.400000
0224 7.433333 B 1317 7.433333 7.433333 7.433333
0225 7.466667 I 13094 7.466667 7.466667 7.466667
0226 7.500000 B 49 7.500000 7.500000 7.500000
0227 7.533333 B 2000 7.533333 7.533333 7.533333
0228 7.566667 P 4378 7.566667 7.566667 7.566667
0229 7.600000 B 1122 7.600000 7.600000 7.600000
0230 7.633333 B 1102 7.633333 7.633333 7.633333
0231 7.666667 B 1820 7.666667 7.666667 7.666667
0232 7.700000 B 34 7.700000 7.700000 7.700000
0233 7.733333 I 13232 7.733333 7.733333 7.733333
0234 7.766667 B 1179 7.766667 7.766667 7.766667
0235 7.800000 B 2402 7.800000 7.800000 7.800000
0236 7.833333 B 967 7.833333 7.833333 7.833333
0237 7.866667 P 4486 7.866667 7.866667 7.866667
0238 7.900000 B 47 7.900000 7.900000 7.900000
0239 7.933333 B 1737 7.933333 7.933333 7.933333
0240 7.966667 B 1022 7.966667 7.966667 7.966667
0241 8.000000 I 13324 8.000000 8.000000 8.000000
0242 8.033333 B 1446 8.033333 8.033333 8.033333
0243 8.066667 B 1317 8.066667 8.066667 8.066667
0244 8.100000 B 56 8.100000 8.100000 8.100000
0245 8.133333 B 2264 8.133333 8.133333 8.133333
0246 8.166667 B 1574 8.166667 8.166667 8.166667
0247 8.200000 B 1644 8.200000 8.200000 8.200000
0248 8.233333 B 1273 8.233333 8.233333 8.233333
0249 8.266667 I 13200 8.266667 8.266667 8.266667
0250 8.300000 B 56 8.300000 8.300000 8.300000
0251 8.333333 B 1807 8.333333 8.333333 8.333333
0252 8.366667 P 4356 8.366667 8.366667 8.366667
0253 8.400000 B 1215 8.400000 8.400000 8.400000
0254 8.433333 B 1344 8.433333 8.433333 8.433333
0255 8.466667 B 1930 8.466667 8.466667 8.466667
0256 8.500000 B 34 8.500000 8.500000 8.500000
0257 8.533333 I 13336 8.533333 8.533333 8.533333
0258 8.566667 B 1306 8.566667 8.566667 8.566667
0259 8.600000 P 4208 8.600000 8.600000 8.600000
0260 8.633333 B 1264 8.633333 8.633333 8.633333
0261 8.666667 B 1236 8.666667 8.666667 8.666667
0262 8.700000 B 2343 8.700000 8.700000 8.700000
0263 8.733333 B 44 8.733333 8.733333 8.733333
0264 8.766667 B 1383 8.766667 8.766667 8.766667
0265 8.800000 I 13171 8.800000 8.800000 8.800000
0266 8.833333 B 1687 8.833333 8.833333 8.833333
0267 8.866667 B 1406 8.866667 8.866667 8.866667
0268 8.900000 B 49 8.900000 8.900000 8.900000
0269 8.933333 B 2397 8.933333 8.933333 8.933333
0270 8.966667 B 1549 8.966667 8.966667 8.966667
0271 9.000000 B 1454 9.000000 9.000000 9.000000
0272 9.033333 B 1517 9.033333 9.033333 9.033333
0273 9.066667 I 13137 9.066667 9.066667 9.066667
0274 9.100000 B 52 9.100000 9.100000 9.100000
0275 9.133333 B 1944 9.133333 9.133333 9.133333
0276 9.166667 P 4485 9.166667 9.166667 9.166667
0277 9.200000 B 1219 9.200000 9.200000 9.200000
0278 9.233333 B 1314 9.233333 9.233333 9.233333
0279 9.266667 B 2144 9.266667 9.266667 9.266667
0280 9.300000 B 34 9.300000 9.300000 9.300000
0281 9.333333 I 13218 9.333333 9.333333 9.333333
0282 9.366667 B 1516 9.366667 9.366667 9.366667
0283 9.400000 B 2286 9.400000 9.400000 9.400000
0284 9.433333 P 4721 9.433333 9.433333 9.433333
0285 9.466667 B 1125 9.466667 9.466667 9.466667
0286 9.500000 B 39 9.500000 9.500000 9.500000
0287 9.533333 B 1976 9.533333 9.533333 9.533333
0288 9.566667 B 935 9.566667 9.566667 9.566667
0289 9.600000 I 13229 9.600000 9.600000 9.600000
0290 9.633333 B 1362 9.633333 9.633333 9.633333
0291 9.666667 B 1300 9.666667 9.666667 9.666667
0292 9.700000 B 42 9.700000 9.700000 9.700000
0293 9.733333 B 2336 9.733333 9.733333 9.733333
0294 9.766667 B 1542 9.766667 9.766667 9.766667
0295 9.800000 B 1417 9.800000 9.800000 9.800000
0296 9.833333 B 1234 9.833333 9.833333 9.833333
0297 9.866667 I 13286 9.866667 9.866667 9.866667
0298 9.900000 B 46 9.900000 9.900000 9.900000
0299 9.933333 B 2047 9.933333 9.933333 9.933333
0300 9.966667 B 1143 9.966667 9.966667 9.966667
0301 10.000000 P 4295 10.000000 10.000000 10.000000
0302 10.033333 B 958 10.033333 10.033333 10.033333
0303 10.066667 B 1753 10.066667 10.066667 10.066667
0304 10.100000 B 34 10.100000 10.100000 10.100000
0305 10.133333 I 13185 10.133333 10.133333 10.133333
0306 10.166667 B 1141 10.166667 10.166667 10.166667
0307 10.200000 B 1368 10.200000 10.200000 10.200000
0308 10.233333 B 2124 10.233333 10.233333 10.233333
0309 10.266667 B 965 10.266667 10.266667 10.266667
0310 10.300000 P 4346 10.300000 10.300000 10.300000
0311 10.333333 B 64 10.333333 10.333333 10.333333
0312 10.366667 B 1368 10.366667 10.366667 10.366667
0313 10.400000 I 13034 10.400000 10.400000 10.400000
0314 10.433333 B 1143 10.433333 10.433333 10.433333
0315 10.466667 B 1205 10.466667 10.466667 10.466667
0316 10.500000 B 55 10.500000 10.500000 10.500000
0317 10.533333 B 2132 10.533333 10.533333 10.533333
0318 10.566667 B 1140 10.566667 10.566667 10.566667
0319 10.600000 B 1464 10.600000 10.600000 10.600000
0320 10.633333 B 1182 10.633333 10.633333 10.633333
0321 10.666667 I 13132 10.666667 10.666667 10.666667
0322 10.700000 B 55 10.700000 10.700000 10.700000
0323 10.733333 B 1914 10.733333 10.733333 10.733333
0324 10.766667 B 1334 10.766667 10.766667 10.766667
0325 10.800000 P 4373 10.800000 10.800000 10.800000
0326 10.833333 B 1277 10.833333 10.833333 10.833333
0327 10.866667 B 2016 10.866667 10.866667 10.866667
0328 10.900000 B 34 10.900000 10.900000 10.900000
0329 10.933333 I 13104 10.933333 10.933333 10.933333
0330 10.966667 B 1482 10.966667 10.966667 10.966667
0331 11.000000 B 2421 11.000000 11.000000 11.000000
0332 11.033333 P 4527 11.033333 11.033333 11.033333
0333 11.066667 B 1042 11.066667 11.066667 11.066667
0334 11.100000 B 46 11.100000 11.100000 11.100000
0335 11.133333 B 2001 11.133333 11.133333 11.133333
0336 11.166667 B 1227 11.166667 11.166667 11.166667
0337 11.200000 I 13118 11.200000 11.200000 11.200000
0338 11.233333 B 1510 11.233333 11.233333 11.233333
0339 11.266667 B 1206 11.266667 11.266667 11.266667
0340 11.300000 B 48 11.300000 11.300000 11.300000
0341 11.333333 B 2436 11.333333 11.333333 11.333333
0342 11.366667 B 1295 11.366667 11.366667 11.366667
0343 11.400000 B 1455 11.400000 11.400000 11.400000
0344 11.433333 B 1558 11.433333 11.433333 11.433333
0345 11.466667 I 12972 11.466667 11.466667 11.466667
0346 11.500000 P 4110 11.500000 11.500000 11.500000
0347 11.533333 B 58 11.533333 11.533333 11.533333
0348 11.566667 B 1355 11.566667 11.566667 11.566667
0349 11.600000 B 1348 11.600000 11.600000 11.600000
0350 11.633333 B 2002 11.633333 11.633333 11.633333
0351 11.666667 B 1321 11.666667 11.666667 11.666667
0352 11.700000 B 34 11.700000 11.700000 11.700000
0353 11.733333 I 12865 11.733333 11.733333 11.733333
0354 11.766667 B 1000 11.766667 11.766667 11.766667
0355 11.800000 B 2564 11.800000 11.800000 11.800000
0356 11.833333 B 1346 11.833333 11.833333 11.833333
0357 11.866667 P 4492 11.866667 11.866667 11.866667
0358 11.900000 B 47 11.900000 11.900000 11.900000
0359 11.933333 B 2032 11.933333 11.933333 11.933333
0360 11.966667 P 3949 11.966667 11.966667 11.966667
