0001 0.000000 I 26186 0.000000 0.000000 0.000000
0002 0.033333 B 818 0.033333 0.033333 0.033333
0003 0.066667 P 2457 0.066667 0.066667 0.066667
0004 0.100000 B 55 0.100000 0.100000 0.100000
0005 0.133333 P 2759 0.133333 0.133333 0.133333
0006 0.166667 B 940 0.166667 0.166667 0.166667
0007 0.200000 P 3737 0.200000 0.200000 0.200000
0008 0.233333 P 3274 0.233333 0.233333 0.233333
0009 0.266667 I 25905 0.266667 0.266667 0.266667
0010 0.300000 B 62 0.300000 0.300000 0.300000
0011 0.333333 P 1994 0.333333 0.333333 0.333333
0012 0.366667 B 978 0.366667 0.366667 0.366667
0013 0.400000 P 3010 0.400000 0.400000 0.400000
0014 0.433333 B 1103 0.433333 0.433333 0.433333
0015 0.466667 P 3247 0.466667 0.466667 0.466667
0016 0.500000 P 2821 0.500000 0.500000 0.500000
0017 0.533333 I 24640 0.533333 0.533333 0.533333
0018 0.566667 B 706 0.566667 0.566667 0.566667
0019 0.600000 P 2586 0.600000 0.600000 0.600000
0020 0.633333 B 980 0.633333 0.633333 0.633333
0021 0.666667 P 3234 0.666667 0.666667 0.666667
0022 0.700000 B 53 0.700000 0.700000 0.700000
0023 0.733333 P 3040 0.733333 0.733333 0.733333
0024 0.766667 P 3312 0.766667 0.766667 0.766667
0025 0.800000 I 24610 0.800000 0.800000 0.800000
0026 0.833333 B 928 0.833333 0.833333 0.833333
0027 0.866667 P 2725 0.866667 0.866667 0.866667
0028 0.900000 B 31 0.900000 0.900000 0.900000
0029 0.933333 P 2933 0.933333 0.933333 0.933333
0030 0.966667 B 1124 0.966667 0.966667 0.966667
0031 1.000000 P 3249 1.000000 1.000000 1.000000
0032 1.033333 P 2925 1.033333 1.033333 1.033333
0033 1.066667 I 24891 1.066667 1.066667 1.066667
0034 1.100000 B 66 1.100000 1.100000 1.100000
0035 1.133333 P 1653 1.133333 1.133333 1.133333
0036 1.166667 B 818 1.166667 1.166667 1.166667
0037 1.200000 P 3091 1.200000 1.200000 1.200000
0038 1.233333 B 1023 1.233333 1.233333 1.233333
0039 1.266667 P 3070 1.266667 1.266667 1.266667
0040 1.300000 P 2818 1.300000 1.300000 1.300000
0041 1.333333 I 24886 1.333333 1.333333 1.333333
0042 1.366667 B 705 1.366667 1.366667 1.366667
0043 1.400000 P 2153 1.400000 1.400000 1.400000
0044 1.433333 B 950 1.433333 1.433333 1.433333
0045 1.466667 P 3263 1.466667 1.466667 1.466667
0046 1.500000 B 52 1.500000 1.500000 1.500000
0047 1.533333 P 3013 1.533333 1.533333 1.533333
0048 1.566667 P 2766 1.566667 1.566667 1.566667
0049 1.600000 I 25037 1.600000 1.600000 1.600000
0050 1.633333 B 898 1.633333 1.633333 1.633333
0051 1.666667 P 2218 1.666667 1.666667 1.666667
0052 1.700000 B 90 1.700000 1.700000 1.700000
0053 1.733333 P 2588 1.733333 1.733333 1.733333
0054 1.766667 B 976 1.766667 1.766667 1.766667
0055 1.800000 P 3100 1.800000 1.800000 1.800000
0056 1.833333 P 2880 1.833333 1.833333 1.833333
0057 1.866667 I 24490 1.866667 1.866667 1.866667
0058 1.900000 B 66 1.900000 1.900000 1.900000
0059 1.933333 P 1534 1.933333 1.933333 1.933333
0060 1.966667 B 956 1.966667 1.966667 1.966667
0061 2.000000 P 2525 2.000000 2.000000 2.000000
0062 2.033333 B 848 2.033333 2.033333 2.033333
0063 2.066667 P 2768 2.066667 2.066667 2.066667
0064 2.100000 P 2159 2.100000 2.100000 2.100000
0065 2.133333 I 23714 2.133333 2.133333 2.133333
0066 2.166667 B 669 2.166667 2.166667 2.166667
0067 2.200000 P 1981 2.200000 2.200000 2.200000
0068 2.233333 B 912 2.233333 2.233333 2.233333
0069 2.266667 P 3017 2.266667 2.266667 2.266667
0070 2.300000 B 60 2.300000 2.300000 2.300000
0071 2.333333 P 2486 2.333333 2.333333 2.333333
0072 2.366667 P 2641 2.366667 2.366667 2.366667
0073 2.400000 I 24314 2.400000 2.400000 2.400000
0074 2.433333 B 675 2.433333 2.433333 2.433333
0075 2.466667 P 1899 2.466667 2.466667 2.466667
0076 2.500000 B 93 2.500000 2.500000 2.500000
0077 2.533333 P 2025 2.533333 2.533333 2.533333
0078 2.566667 B 774 2.566667 2.566667 2.566667
0079 2.600000 P 2493 2.600000 2.600000 2.600000
0080 2.633333 P 2394 2.633333 2.633333 2.633333
0081 2.666667 I 23393 2.666667 2.666667 2.666667
0082 2.700000 B 71 2.700000 2.700000 2.700000
0083 2.733333 P 1547 2.733333 2.733333 2.733333
0084 2.766667 B 845 2.766667 2.766667 2.766667
0085 2.800000 P 2448 2.800000 2.800000 2.800000
0086 2.833333 B 890 2.833333 2.833333 2.833333
0087 2.866667 P 2876 2.866667 2.866667 2.866667
0088 2.900000 P 2728 2.900000 2.900000 2.900000
0089 2.933333 I 23462 2.933333 2.933333 2.933333
0090 2.966667 B 743 2.966667 2.966667 2.966667
0091 3.000000 P 2133 3.000000 3.000000 3.000000
0092 3.033333 B 834 3.033333 3.033333 3.033333
0093 3.066667 P 2656 3.066667 3.066667 3.066667
0094 3.100000 B 49 3.100000 3.100000 3.100000
0095 3.133333 P 2570 3.133333 3.133333 3.133333
0096 3.166667 P 2516 3.166667 3.166667 3.166667
0097 3.200000 I 23956 3.200000 3.200000 3.200000
0098 3.233333 B 612 3.233333 3.233333 3.233333
0099 3.266667 P 1868 3.266667 3.266667 3.266667
0100 3.300000 B 71 3.300000 3.300000 3.300000
0101 3.333333 P 2184 3.333333 3.333333 3.333333
0102 3.366667 B 845 3.366667 3.366667 3.366667
0103 3.400000 P 2674 3.400000 3.400000 3.400000
0104 3.433333 P 2449 3.433333 3.433333 3.433333
0105 3.466667 I 23338 3.466667 3.466667 3.466667
0106 3.500000 B 50 3.500000 3.500000 3.500000
0107 3.533333 P 1805 3.533333 3.533333 3.533333
0108 3.566667 B 894 3.566667 3.566667 3.566667
0109 3.600000 P 2479 3.600000 3.600000 3.600000
0110 3.633333 B 847 3.633333 3.633333 3.633333
0111 3.666667 P 2904 3.666667 3.666667 3.666667
0112 3.700000 P 2726 3.700000 3.700000 3.700000
0113 3.733333 I 23624 3.733333 3.733333 3.733333
0114 3.766667 B 901 3.766667 3.766667 3.766667
0115 3.800000 P 1981 3.800000 3.800000 3.800000
0116 3.833333 B 973 3.833333 3.833333 3.833333
0117 3.866667 P 2613 3.866667 3.866667 3.866667
0118 3.900000 B 61 3.900000 3.900000 3.900000
0119 3.933333 P 2585 3.933333 3.933333 3.933333
0120 3.966667 P 2588 3.966667 3.966667 3.966667
0121 4.000000 I 23799 4.000000 4.000000 4.000000
0122 4.033333 B 762 4.033333 4.033333 4.033333
0123 4.066667 P 2223 4.066667 4.066667 4.066667
0124 4.100000 B 63 4.100000 4.100000 4.100000
0125 4.133333 P 2330 4.133333 4.133333 4.133333
0126 4.166667 B 1057 4.166667 4.166667 4.166667
0127 4.200000 P 3182 4.200000 4.200000 4.200000
0128 4.233333 P 2697 4.233333 4.233333 4.233333
0129 4.266667 I 23513 4.266667 4.266667 4.266667
0130 4.300000 B 69 4.300000 4.300000 4.300000
0131 4.333333 P 1587 4.333333 4.333333 4.333333
0132 4.366667 B 871 4.366667 4.366667 4.366667
0133 4.400000 P 2528 4.400000 4.400000 4.400000
0134 4.433333 B 857 4.433333 4.433333 4.433333
0135 4.466667 P 2992 4.466667 4.466667 4.466667
0136 4.500000 P 2781 4.500000 4.500000 4.500000
0137 4.533333 I 23903 4.533333 4.533333 4.533333
0138 4.566667 B 821 4.566667 4.566667 4.566667
0139 4.600000 P 1828 4.600000 4.600000 4.600000
0140 4.633333 B 916 4.633333 4.633333 4.633333
0141 4.666667 P 2768 4.666667 4.666667 4.666667
0142 4.700000 B 67 4.700000 4.700000 4.700000
0143 4.733333 P 2287 4.733333 4.733333 4.733333
0144 4.766667 P 2177 4.766667 4.766667 4.766667
0145 4.800000 I 22787 4.800000 4.800000 4.800000
0146 4.833333 B 696 4.833333 4.833333 4.833333
0147 4.866667 P 1977 4.866667 4.866667 4.866667
0148 4.900000 B 94 4.900000 4.900000 4.900000
0149 4.933333 P 1906 4.933333 4.933333 4.933333
0150 4.966667 B 773 4.966667 4.966667 4.966667
0151 5.000000 P 2352 5.000000 5.000000 5.000000
0152 5.033333 P 2274 5.033333 5.033333 5.033333
0153 5.066667 I 22396 5.066667 5.066667 5.066667
0154 5.100000 B 32 5.100000 5.100000 5.100000
0155 5.133333 P 1473 5.133333 5.133333 5.133333
0156 5.166667 B 799 5.166667 5.166667 5.166667
0157 5.200000 P 2254 5.200000 5.200000 5.200000
0158 5.233333 B 872 5.233333 5.233333 5.233333
0159 5.266667 P 2604 5.266667 5.266667 5.266667
0160 5.300000 P 2230 5.300000 5.300000 5.300000
0161 5.333333 I 22309 5.333333 5.333333 5.333333
0162 5.366667 B 669 5.366667 5.366667 5.366667
0163 5.400000 P 1924 5.400000 5.400000 5.400000
0164 5.433333 B 857 5.433333 5.433333 5.433333
0165 5.466667 P 2525 5.466667 5.466667 5.466667
0166 5.500000 B 75 5.500000 5.500000 5.500000
0167 5.533333 P 2228 5.533333 5.533333 5.533333
0168 5.566667 P 2298 5.566667 5.566667 5.566667
0169 5.600000 I 22724 5.600000 5.600000 5.600000
0170 5.633333 B 631 5.633333 5.633333 5.633333
0171 5.666667 P 2165 5.666667 5.666667 5.666667
0172 5.700000 B 75 5.700000 5.700000 5.700000
0173 5.733333 P 2258 5.733333 5.733333 5.733333
0174 5.766667 B 997 5.766667 5.766667 5.766667
0175 5.800000 P 3095 5.800000 5.800000 5.800000
0176 5.833333 P 2406 5.833333 5.833333 5.833333
0177 5.866667 I 23352 5.866667 5.866667 5.866667
0178 5.900000 B 62 5.900000 5.900000 5.900000
0179 5.933333 P 1833 5.933333 5.933333 5.933333
0180 5.966667 B 953 5.966667 5.966667 5.966667
0181 6.000000 P 2957 6.000000 6.000000 6.000000
0182 6.033333 B 873 6.033333 6.033333 6.033333
0183 6.066667 P 3260 6.066667 6.066667 6.066667
0184 6.100000 P 2702 6.100000 6.100000 6.100000
0185 6.133333 I 24204 6.133333 6.133333 6.133333
0186 6.166667 B 722 6.166667 6.166667 6.166667
0187 6.200000 P 2299 6.200000 6.200000 6.200000
0188 6.233333 B 796 6.233333 6.233333 6.233333
0189 6.266667 P 2666 6.266667 6.266667 6.266667
0190 6.300000 B 73 6.300000 6.300000 6.300000
0191 6.333333 P 2317 6.333333 6.333333 6.333333
0192 6.366667 P 2463 6.366667 6.366667 6.366667
0193 6.400000 I 24747 6.400000 6.400000 6.400000
0194 6.433333 B 571 6.433333 6.433333 6.433333
0195 6.466667 P 1795 6.466667 6.466667 6.466667
0196 6.500000 B 80 6.500000 6.500000 6.500000
0197 6.533333 P 2132 6.533333 6.533333 6.533333
0198 6.566667 B 912 6.566667 6.566667 6.566667
0199 6.600000 P 2681 6.600000 6.600000 6.600000
0200 6.633333 P 2344 6.633333 6.633333 6.633333
0201 6.666667 I 24281 6.666667 6.666667 6.666667
0202 6.700000 B 65 6.700000 6.700000 6.700000
0203 6.733333 P 1550 6.733333 6.733333 6.733333
0204 6.766667 B 775 6.766667 6.766667 6.766667
0205 6.800000 P 2212 6.800000 6.800000 6.800000
0206 6.833333 B 945 6.833333 6.833333 6.833333
0207 6.866667 P 2666 6.866667 6.866667 6.866667
0208 6.900000 P 2697 6.900000 6.900000 6.900000
0209 6.933333 I 24403 6.933333 6.933333 6.933333
0210 6.966667 B 651 6.966667 6.966667 6.966667
0211 7.000000 P 1834 7.000000 7.000000 7.000000
0212 7.033333 B 791 7.033333 7.033333 7.033333
0213 7.066667 P 2475 7.066667 7.066667 7.066667
0214 7.100000 B 72 7.100000 7.100000 7.100000
0215 7.133333 P 2216 7.133333 7.133333 7.133333
0216 7.166667 P 2433 7.166667 7.166667 7.166667
0217 7.200000 I 23769 7.200000 7.200000 7.200000
0218 7.233333 B 661 7.233333 7.233333 7.233333
0219 7.266667 P 1890 7.266667 7.266667 7.266667
0220 7.300000 B 77 7.300000 7.300000 7.300000
0221 7.333333 P 2048 7.333333 7.333333 7.333333
0222 7.366667 B 834 7.366667 7.366667 7.366667
0223 7.400000 P 2775 7.400000 7.400000 7.400000
0224 7.433333 P 2334 7.433333 7.433333 7.433333
0225 7.466667 I 23718 7.466667 7.466667 7.466667
0226 7.500000 B 73 7.500000 7.500000 7.500000
0227 7.533333 P 1335 7.533333 7.533333 7.533333
0228 7.566667 B 690 7.566667 7.566667 7.566667
0229 7.600000 P 2093 7.600000 7.600000 7.600000
0230 7.633333 B 732 7.633333 7.633333 7.633333
0231 7.666667 P 2547 7.666667 7.666667 7.666667
0232 7.700000 P 2060 7.700000 7.700000 7.700000
0233 7.733333 I 23274 7.733333 7.733333 7.733333
0234 7.766667 B 642 7.766667 7.766667 7.766667
0235 7.800000 P 1804 7.800000 7.800000 7.800000
0236 7.833333 B 709 7.833333 7.833333 7.833333
0237 7.866667 P 2326 7.866667 7.866667 7.866667
0238 7.900000 B 66 7.900000 7.900000 7.900000
0239 7.933333 P 2317 7.933333 7.933333 7.933333
0240 7.966667 P 2581 7.966667 7.966667 7.966667
0241 8.000000 I 23786 8.000000 8.000000 8.000000
0242 8.033333 B 570 8.033333 8.033333 8.033333
0243 8.066667 P 1711 8.066667 8.066667 8.066667
0244 8.100000 B 80 8.100000 8.100000 8.100000
0245 8.133333 P 1925 8.133333 8.133333 8.133333
0246 8.166667 B 830 8.166667 8.166667 8.166667
0247 8.200000 P 2802 8.200000 8.200000 8.200000
0248 8.233333 P 2550 8.233333 8.233333 8.233333
0249 8.266667 I 23997 8.266667 8.266667 8.266667
0250 8.300000 B 40 8.300000 8.300000 8.300000
0251 8.333333 P 1425 8.333333 8.333333 8.333333
0252 8.366667 B 706 8.366667 8.366667 8.366667
0253 8.400000 P 2292 8.400000 8.400000 8.400000
0254 8.433333 B 776 8.433333 8.433333 8.433333
0255 8.466667 P 3003 8.466667 8.466667 8.466667
0256 8.500000 P 2558 8.500000 8.500000 8.500000
0257 8.533333 I 24606 8.533333 8.533333 8.533333
0258 8.566667 B 696 8.566667 8.566667 8.566667
0259 8.600000 P 1894 8.600000 8.600000 8.600000
0260 8.633333 B 849 8.633333 8.633333 8.633333
0261 8.666667 P 2798 8.666667 8.666667 8.666667
0262 8.700000 B 45 8.700000 8.700000 8.700000
0263 8.733333 P 2223 8.733333 8.733333 8.733333
0264 8.766667 P 2584 8.766667 8.766667 8.766667
0265 8.800000 I 24193 8.800000 8.800000 8.800000
0266 8.833333 B 690 8.833333 8.833333 8.833333
0267 8.866667 P 1922 8.866667 8.866667 8.866667
0268 8.900000 B 84 8.900000 8.900000 8.900000
0269 8.933333 P 2037 8.933333 8.933333 8.933333
0270 8.966667 B 848 8.966667 8.966667 8.966667
0271 9.000000 P 2918 9.000000 9.000000 9.000000
0272 9.033333 P 2607 9.033333 9.033333 9.033333
0273 9.066667 I 24382 9.066667 9.066667 9.066667
0274 9.100000 B 96 9.100000 9.100000 9.100000
0275 9.133333 P 1361 9.133333 9.133333 9.133333
0276 9.166667 B 849 9.166667 9.166667 9.166667
0277 9.200000 P 2198 9.200000 9.200000 9.200000
0278 9.233333 B 763 9.233333 9.233333 9.233333
0279 9.266667 P 2631 9.266667 9.266667 9.266667
0280 9.300000 P 2380 9.300000 9.300000 9.300000
0281 9.333333 I 23847 9.333333 9.333333 9.333333
0282 9.366667 B 637 9.366667 9.366667 9.366667
0283 9.400000 P 1887 9.400000 9.400000 9.400000
0284 9.433333 B 842 9.433333 9.433333 9.433333
0285 9.466667 P 2501 9.466667 9.466667 9.466667
0286 9.500000 B 67 9.500000 9.500000 9.500000
0287 9.533333 P 2269 9.533333 9.533333 9.533333
0288 9.566667 P 2533 9.566667 9.566667 9.566667
0289 9.600000 I 23641 9.600000 9.600000 9.600000
0290 9.633333 B 567 9.633333 9.633333 9.633333
0291 9.666667 P 1811 9.666667 9.666667 9.666667
0292 9.700000 B 134 9.700000 9.700000 9.700000
0293 9.733333 P 2157 9.733333 9.733333 9.733333
0294 9.766667 B 717 9.766667 9.766667 9.766667
0295 9.800000 P 2729 9.800000 9.800000 9.800000
0296 9.833333 P 2266 9.833333 9.833333 9.833333
0297 9.866667 I 22421 9.866667 9.866667 9.866667
0298 9.900000 B 62 9.900000 9.900000 9.900000
0299 9.933333 P 1556 9.933333 9.933333 9.933333
0300 9.966667 B 768 9.966667 9.966667 9.966667
0301 10.000000 P 2348 10.000000 10.000000 10.000000
0302 10.033333 B 792 10.033333 10.033333 10.033333
0303 10.066667 P 3962 10.066667 10.066667 10.066667
0304 10.100000 P 2459 10.100000 10.100000 10.100000
0305 10.133333 I 23445 10.133333 10.133333 10.133333
0306 10.166667 B 658 10.166667 10.166667 10.166667
0307 10.200000 P 1800 10.200000 10.200000 10.200000
0308 10.233333 B 732 10.233333 10.233333 10.233333
0309 10.266667 P 2571 10.266667 10.266667 10.266667
0310 10.300000 B 67 10.300000 10.300000 10.300000
0311 10.333333 P 2516 10.333333 10.333333 10.333333
0312 10.366667 P 2756 10.366667 10.366667 10.366667
0313 10.400000 I 24503 10.400000 10.400000 10.400000
0314 10.433333 B 696 10.433333 10.433333 10.433333
0315 10.466667 P 2058 10.466667 10.466667 10.466667
0316 10.500000 B 64 10.500000 10.500000 10.500000
0317 10.533333 P 2072 10.533333 10.533333 10.533333
0318 10.566667 B 842 10.566667 10.566667 10.566667
0319 10.600000 P 2793 10.600000 10.600000 10.600000
0320 10.633333 P 2404 10.633333 10.633333 10.633333
0321 10.666667 I 24341 10.666667 10.666667 10.666667
0322 10.700000 B 65 10.700000 10.700000 10.700000
0323 10.733333 P 1385 10.733333 10.733333 10.733333
0324 10.766667 B 789 10.766667 10.766667 10.766667
0325 10.800000 P 2525 10.800000 10.800000 10.800000
0326 10.833333 B 830 10.833333 10.833333 10.833333
0327 10.866667 P 3014 10.866667 10.866667 10.866667
0328 10.900000 P 2562 10.900000 10.900000 10.900000
0329 10.933333 I 24243 10.933333 10.933333 10.933333
0330 10.966667 B 621 10.966667 10.966667 10.966667
0331 11.000000 P 1866 11.000000 11.000000 11.000000
0332 11.033333 B 869 11.033333 11.033333 11.033333
0333 11.066667 P 2556 11.066667 11.066667 11.066667
0334 11.100000 B 61 11.100000 11.100000 11.100000
0335 11.133333 P 2238 11.133333 11.133333 11.133333
0336 11.166667 P 2557 11.166667 11.166667 11.166667
0337 11.200000 I 23571 11.200000 11.200000 11.200000
0338 11.233333 B 635 11.233333 11.233333 11.233333
0339 11.266667 P 2255 11.266667 11.266667 11.266667
0340 11.300000 B 57 11.300000 11.300000 11.300000
0341 11.333333 P 2546 11.333333 11.333333 11.333333
0342 11.366667 B 869 11.366667 11.366667 11.366667
0343 11.400000 P 3133 11.400000 11.400000 11.400000
0344 11.433333 P 2641 11.433333 11.433333 11.433333
0345 11.466667 I 23794 11.466667 11.466667 11.466667
0346 11.500000 B 75 11.500000 11.500000 11.500000
0347 11.533333 P 1511 11.533333 11.533333 11.533333
0348 11.566667 B 823 11.566667 11.566667 11.566667
0349 11.600000 P 2523 11.600000 11.600000 11.600000
0350 11.633333 B 820 11.633333 11.633333 11.633333
0351 11.666667 P 3091 11.666667 11.666667 11.666667
0352 11.700000 P 2925 11.700000 11.700000 11.700000
0353 11.733333 I 24163 11.733333 11.733333 11.733333
0354 11.766667 B 633 11.766667 11.766667 11.766667
0355 11.800000 P 2049 11.800000 11.800000 11.800000
0356 11.833333 B 722 11.833333 11.833333 11.833333
0357 11.866667 P 2634 11.866667 11.866667 11.866667
0358 11.900000 B 84 11.900000 11.900000 11.900000
0359 11.933333 P 2489 11.933333 11.933333 11.933333
0360 11.966667 P 2648 11.966667 11.966667 11.966667
