0001 0.000000 I 12724 0.000000 0.000000 0.000000
0002 0.033333 P 1695 0.033333 0.033333 0.033333
0003 0.066667 P 1595 0.066667 0.066667 0.066667
0004 0.100000 P 1714 0.100000 0.100000 0.100000
0005 0.133333 P 128 0.133333 0.133333 0.133333
0006 0.166667 P 1556 0.166667 0.166667 0.166667
0007 0.200000 P 1537 0.200000 0.200000 0.200000
0008 0.233333 P 1604 0.233333 0.233333 0.233333
0009 0.266667 I 12398 0.266667 0.266667 0.266667
0010 0.300000 P 1834 0.300000 0.300000 0.300000
0011 0.333333 P 113 0.333333 0.333333 0.333333
0012 0.366667 P 1696 0.366667 0.366667 0.366667
0013 0.400000 P 1593 0.400000 0.400000 0.400000
0014 0.433333 P 1607 0.433333 0.433333 0.433333
0015 0.466667 P 1707 0.466667 0.466667 0.466667
0016 0.500000 P 1489 0.500000 0.500000 0.500000
0017 0.533333 I 12166 0.533333 0.533333 0.533333
0018 0.566667 P 1785 0.566667 0.566667 0.566667
0019 0.600000 P 1883 0.600000 0.600000 0.600000
0020 0.633333 P 1853 0.633333 0.633333 0.633333
0021 0.666667 P 1842 0.666667 0.666667 0.666667
0022 0.700000 P 1871 0.700000 0.700000 0.700000
0023 0.733333 P 113 0.733333 0.733333 0.733333
0024 0.766667 P 2027 0.766667 0.766667 0.766667
0025 0.800000 I 12913 0.800000 0.800000 0.800000
0026 0.833333 P 2385 0.833333 0.833333 0.833333
0027 0.866667 P 2241 0.866667 0.866667 0.866667
0028 0.900000 P 2188 0.900000 0.900000 0.900000
0029 0.933333 P 119 0.933333 0.933333 0.933333
0030 0.966667 P 2318 0.966667 0.966667 0.966667
0031 1.000000 P 2373 1.000000 1.000000 1.000000
0032 1.033333 P 2136 1.033333 1.033333 1.033333
0033 1.066667 I 12884 1.066667 1.066667 1.066667
0034 1.100000 P 2610 1.100000 1.100000 1.100000
0035 1.133333 P 155 1.133333 1.133333 1.133333
0036 1.166667 P 2490 1.166667 1.166667 1.166667
0037 1.200000 P 2420 1.200000 1.200000 1.200000
0038 1.233333 P 2435 1.233333 1.233333 1.233333
0039 1.266667 P 2364 1.266667 1.266667 1.266667
0040 1.300000 P 2266 1.300000 1.300000 1.300000
0041 1.333333 I 12725 1.333333 1.333333 1.333333
0042 1.366667 P 2546 1.366667 1.366667 1.366667
0043 1.400000 P 2421 1.400000 1.400000 1.400000
0044 1.433333 P 2374 1.433333 1.433333 1.433333
0045 1.466667 P 2342 1.466667 1.466667 1.466667
0046 1.500000 P 2407 1.500000 1.500000 1.500000
0047 1.533333 P 134 1.533333 1.533333 1.533333
0048 1.566667 P 2454 1.566667 1.566667 1.566667
0049 1.600000 I 12852 1.600000 1.600000 1.600000
0050 1.633333 P 2433 1.633333 1.633333 1.633333
0051 1.666667 P 2335 1.666667 1.666667 1.666667
0052 1.700000 P 2330 1.700000 1.700000 1.700000
0053 1.733333 P 132 1.733333 1.733333 1.733333
0054 1.766667 P 2279 1.766667 1.766667 1.766667
0055 1.800000 P 2298 1.800000 1.800000 1.800000
0056 1.833333 P 2232 1.833333 1.833333 1.833333
0057 1.866667 I 12654 1.866667 1.866667 1.866667
0058 1.900000 P 2351 1.900000 1.900000 1.900000
0059 1.933333 P 120 1.933333 1.933333 1.933333
0060 1.966667 P 2522 1.966667 1.966667 1.966667
0061 2.000000 P 2410 2.000000 2.000000 2.000000
0062 2.033333 P 2130 2.033333 2.033333 2.033333
0063 2.066667 P 2240 2.066667 2.066667 2.066667
0064 2.100000 P 2244 2.100000 2.100000 2.100000
0065 2.133333 I 12693 2.133333 2.133333 2.133333
0066 2.166667 P 2244 2.166667 2.166667 2.166667
0067 2.200000 P 2214 2.200000 2.200000 2.200000
0068 2.233333 P 2364 2.233333 2.233333 2.233333
0069 2.266667 P 2189 2.266667 2.266667 2.266667
0070 2.300000 P 2097 2.300000 2.300000 2.300000
0071 2.333333 P 149 2.333333 2.333333 2.333333
0072 2.366667 P 2159 2.366667 2.366667 2.366667
0073 2.400000 I 12705 2.400000 2.400000 2.400000
0074 2.433333 P 2210 2.433333 2.433333 2.433333
0075 2.466667 P 2376 2.466667 2.466667 2.466667
0076 2.500000 P 2229 2.500000 2.500000 2.500000
0077 2.533333 P 119 2.533333 2.533333 2.533333
0078 2.566667 P 2117 2.566667 2.566667 2.566667
0079 2.600000 P 2134 2.600000 2.600000 2.600000
0080 2.633333 P 2154 2.633333 2.633333 2.633333
0081 2.666667 I 12748 2.666667 2.666667 2.666667
0082 2.700000 P 2288 2.700000 2.700000 2.700000
0083 2.733333 P 121 2.733333 2.733333 2.733333
0084 2.766667 P 2222 2.766667 2.766667 2.766667
0085 2.800000 P 2056 2.800000 2.800000 2.800000
0086 2.833333 P 1885 2.833333 2.833333 2.833333
0087 2.866667 P 2006 2.866667 2.866667 2.866667
0088 2.900000 P 2004 2.900000 2.900000 2.900000
0089 2.933333 I 12711 2.933333 2.933333 2.933333
0090 2.966667 P 2262 2.966667 2.966667 2.966667
0091 3.000000 P 2415 3.000000 3.000000 3.000000
0092 3.033333 P 2138 3.033333 3.033333 3.033333
0093 3.066667 P 2312 3.066667 3.066667 3.066667
0094 3.100000 P 2248 3.100000 3.100000 3.100000
0095 3.133333 P 119 3.133333 3.133333 3.133333
0096 3.166667 P 2112 3.166667 3.166667 3.166667
0097 3.200000 I 12908 3.200000 3.200000 3.200000
0098 3.233333 P 2334 3.233333 3.233333 3.233333
0099 3.266667 P 2254 3.266667 3.266667 3.266667
0100 3.300000 P 2032 3.300000 3.300000 3.300000
0101 3.333333 P 161 3.333333 3.333333 3.333333
0102 3.366667 P 2109 3.366667 3.366667 3.366667
0103 3.400000 P 2059 3.400000 3.400000 3.400000
0104 3.433333 P 2045 3.433333 3.433333 3.433333
0105 3.466667 I 13000 3.466667 3.466667 3.466667
0106 3.500000 P 2609 3.500000 3.500000 3.500000
0107 3.533333 P 159 3.533333 3.533333 3.533333
0108 3.566667 P 2562 3.566667 3.566667 3.566667
0109 3.600000 P 2569 3.600000 3.600000 3.600000
0110 3.633333 P 2468 3.633333 3.633333 3.633333
0111 3.666667 P 2443 3.666667 3.666667 3.666667
0112 3.700000 P 2399 3.700000 3.700000 3.700000
0113 3.733333 I 12984 3.733333 3.733333 3.733333
0114 3.766667 P 2445 3.766667 3.766667 3.766667
0115 3.800000 P 2437 3.800000 3.800000 3.800000
0116 3.833333 P 2376 3.833333 3.833333 3.833333
0117 3.866667 P 2336 3.866667 3.866667 3.866667
0118 3.900000 P 2190 3.900000 3.900000 3.900000
0119 3.933333 P 119 3.933333 3.933333 3.933333
0120 3.966667 P 2341 3.966667 3.966667 3.966667
0121 4.000000 I 13031 4.000000 4.000000 4.000000
0122 4.033333 P 2278 4.033333 4.033333 4.033333
0123 4.066667 P 2396 4.066667 4.066667 4.066667
0124 4.100000 P 2265 4.100000 4.100000 4.100000
0125 4.133333 P 124 4.133333 4.133333 4.133333
0126 4.166667 P 2161 4.166667 4.166667 4.166667
0127 4.200000 P 2264 4.200000 4.200000 4.200000
0128 4.233333 P 1971 4.233333 4.233333 4.233333
0129 4.266667 I 13214 4.266667 4.266667 4.266667
0130 4.300000 P 2277 4.300000 4.300000 4.300000
0131 4.333333 P 147 4.333333 4.333333 4.333333
0132 4.366667 P 2170 4.366667 4.366667 4.366667
0133 4.400000 P 2250 4.400000 4.400000 4.400000
0134 4.433333 P 2239 4.433333 4.433333 4.433333
0135 4.466667 P 1913 4.466667 4.466667 4.466667
0136 4.500000 P 2021 4.500000 4.500000 4.500000
0137 4.533333 I 13257 4.533333 4.533333 4.533333
0138 4.566667 P 2270 4.566667 4.566667 4.566667
0139 4.600000 P 2013 4.600000 4.600000 4.600000
0140 4.633333 P 1934 4.633333 4.633333 4.633333
0141 4.666667 P 1836 4.666667 4.666667 4.666667
0142 4.700000 P 2003 4.700000 4.700000 4.700000
0143 4.733333 P 134 4.733333 4.733333 4.733333
0144 4.766667 P 2007 4.766667 4.766667 4.766667
0145 4.800000 I 13091 4.800000 4.800000 4.800000
0146 4.833333 P 2012 4.833333 4.833333 4.833333
0147 4.866667 P 2193 4.866667 4.866667 4.866667
0148 4.900000 P 1979 4.900000 4.900000 4.900000
0149 4.933333 P 115 4.933333 4.933333 4.933333
0150 4.966667 P 2002 4.966667 4.966667 4.966667
0151 5.000000 P 2018 5.000000 5.000000 5.000000
0152 5.033333 P 2150 5.033333 5.033333 5.033333
0153 5.066667 I 13084 5.066667 5.066667 5.066667
0154 5.100000 P 2199 5.100000 5.100000 5.100000
0155 5.133333 P 160 5.133333 5.133333 5.133333
0156 5.166667 P 2084 5.166667 5.166667 5.166667
0157 5.200000 P 2114 5.200000 5.200000 5.200000
0158 5.233333 P 2050 5.233333 5.233333 5.233333
0159 5.266667 P 2055 5.266667 5.266667 5.266667
0160 5.300000 P 1965 5.300000 5.300000 5.300000
0161 5.333333 I 12899 5.333333 5.333333 5.333333
0162 5.366667 P 2345 5.366667 5.366667 5.366667
0163 5.400000 P 2285 5.400000 5.400000 5.400000
0164 5.433333 P 2170 5.433333 5.433333 5.433333
0165 5.466667 P 2160 5.466667 5.466667 5.466667
0166 5.500000 P 2082 5.500000 5.500000 5.500000
0167 5.533333 P 130 5.533333 5.533333 5.533333
0168 5.566667 P 2078 5.566667 5.566667 5.566667
0169 5.600000 I 12792 5.600000 5.600000 5.600000
0170 5.633333 P 2140 5.633333 5.633333 5.633333
0171 5.666667 P 2180 5.666667 5.666667 5.666667
0172 5.700000 P 2083 5.700000 5.700000 5.700000
0173 5.733333 P 115 5.733333 5.733333 5.733333
0174 5.766667 P 2312 5.766667 5.766667 5.766667
0175 5.800000 P 2180 5.800000 5.800000 5.800000
0176 5.833333 P 1905 5.833333 5.833333 5.833333
0177 5.866667 I 12752 5.866667 5.866667 5.866667
0178 5.900000 P 2375 5.900000 5.900000 5.900000
0179 5.933333 P 162 5.933333 5.933333 5.933333
0180 5.966667 P 2457 5.966667 5.966667 5.966667
0181 6.000000 P 2433 6.000000 6.000000 6.000000
0182 6.033333 P 2309 6.033333 6.033333 6.033333
0183 6.066667 P 2154 6.066667 6.066667 6.066667
0184 6.100000 P 2303 6.100000 6.100000 6.100000
0185 6.133333 I 12905 6.133333 6.133333 6.133333
0186 6.166667 P 2367 6.166667 6.166667 6.166667
0187 6.200000 P 2331 6.200000 6.200000 6.200000
0188 6.233333 P 2245 6.233333 6.233333 6.233333
0189 6.266667 P 2182 6.266667 6.266667 6.266667
0190 6.300000 P 2044 6.300000 6.300000 6.300000
0191 6.333333 P 167 6.333333 6.333333 6.333333
0192 6.366667 P 2044 6.366667 6.366667 6.366667
0193 6.400000 I 12794 6.400000 6.400000 6.400000
0194 6.433333 P 2262 6.433333 6.433333 6.433333
0195 6.466667 P 2148 6.466667 6.466667 6.466667
0196 6.500000 P 2162 6.500000 6.500000 6.500000
0197 6.533333 P 107 6.533333 6.533333 6.533333
0198 6.566667 P 2265 6.566667 6.566667 6.566667
0199 6.600000 P 2117 6.600000 6.600000 6.600000
0200 6.633333 P 2049 6.633333 6.633333 6.633333
0201 6.666667 I 12832 6.666667 6.666667 6.666667
0202 6.700000 P 2288 6.700000 6.700000 6.700000
0203 6.733333 P 119 6.733333 6.733333 6.733333
0204 6.766667 P 2343 6.766667 6.766667 6.766667
0205 6.800000 P 2165 6.800000 6.800000 6.800000
0206 6.833333 P 2155 6.833333 6.833333 6.833333
0207 6.866667 P 2062 6.866667 6.866667 6.866667
0208 6.900000 P 2147 6.900000 6.900000 6.900000
0209 6.933333 I 12938 6.933333 6.933333 6.933333
0210 6.966667 P 2193 6.966667 6.966667 6.966667
0211 7.000000 P 2251 7.000000 7.000000 7.000000
0212 7.033333 P 2097 7.033333 7.033333 7.033333
0213 7.066667 P 2193 7.066667 7.066667 7.066667
0214 7.100000 P 2163 7.100000 7.100000 7.100000
0215 7.133333 P 138 7.133333 7.133333 7.133333
0216 7.166667 P 2229 7.166667 7.166667 7.166667
0217 7.200000 I 12829 7.200000 7.200000 7.200000
0218 7.233333 P 2375 7.233333 7.233333 7.233333
0219 7.266667 P 2257 7.266667 7.266667 7.266667
0220 7.300000 P 2233 7.300000 7.300000 7.300000
0221 7.333333 P 84 7.333333 7.333333 7.333333
0222 7.366667 P 2198 7.366667 7.366667 7.366667
0223 7.400000 P 2136 7.400000 7.400000 7.400000
0224 7.433333 P 2134 7.433333 7.433333 7.433333
0225 7.466667 I 12755 7.466667 7.466667 7.466667
0226 7.500000 P 2332 7.500000 7.500000 7.500000
0227 7.533333 P 171 7.533333 7.533333 7.533333
0228 7.566667 P 2355 7.566667 7.566667 7.566667
0229 7.600000 P 2144 7.600000 7.600000 7.600000
0230 7.633333 P 2117 7.633333 7.633333 7.633333
0231 7.666667 P 2264 7.666667 7.666667 7.666667
0232 7.700000 P 2054 7.700000 7.700000 7.700000
0233 7.733333 I 12890 7.733333 7.733333 7.733333
0234 7.766667 P 2233 7.766667 7.766667 7.766667
0235 7.800000 P 2419 7.800000 7.800000 7.800000
0236 7.833333 P 2214 7.833333 7.833333 7.833333
0237 7.866667 P 1981 7.866667 7.866667 7.866667
0238 7.900000 P 2071 7.900000 7.900000 7.900000
0239 7.933333 P 101 7.933333 7.933333 7.933333
0240 7.966667 P 2205 7.966667 7.966667 7.966667
0241 8.000000 I 12939 8.000000 8.000000 8.000000
0242 8.033333 P 2379 8.033333 8.033333 8.033333
0243 8.066667 P 2203 8.066667 8.066667 8.066667
0244 8.100000 P 2136 8.100000 8.100000 8.100000
0245 8.133333 P 131 8.133333 8.133333 8.133333
0246 8.166667 P 2427 8.166667 8.166667 8.166667
0247 8.200000 P 2232 8.200000 8.200000 8.200000
0248 8.233333 P 2181 8.233333 8.233333 8.233333
0249 8.266667 I 13051 8.266667 8.266667 8.266667
0250 8.300000 P 2290 8.300000 8.300000 8.300000
0251 8.333333 P 156 8.333333 8.333333 8.333333
0252 8.366667 P 2291 8.366667 8.366667 8.366667
0253 8.400000 P 2306 8.400000 8.400000 8.400000
0254 8.433333 P 2193 8.433333 8.433333 8.433333
0255 8.466667 P 2186 8.466667 8.466667 8.466667
0256 8.500000 P 2088 8.500000 8.500000 8.500000
0257 8.533333 I 13030 8.533333 8.533333 8.533333
0258 8.566667 P 2442 8.566667 8.566667 8.566667
0259 8.600000 P 2243 8.600000 8.600000 8.600000
0260 8.633333 P 2102 8.633333 8.633333 8.633333
0261 8.666667 P 2093 8.666667 8.666667 8.666667
0262 8.700000 P 2222 8.700000 8.700000 8.700000
0263 8.733333 P 127 8.733333 8.733333 8.733333
0264 8.766667 P 2282 8.766667 8.766667 8.766667
0265 8.800000 I 12876 8.800000 8.800000 8.800000
0266 8.833333 P 2566 8.833333 8.833333 8.833333
0267 8.866667 P 2450 8.866667 8.866667 8.866667
0268 8.900000 P 2366 8.900000 8.900000 8.900000
0269 8.933333 P 121 8.933333 8.933333 8.933333
0270 8.966667 P 2346 8.966667 8.966667 8.966667
0271 9.000000 P 2152 9.000000 9.000000 9.000000
0272 9.033333 P 2152 9.033333 9.033333 9.033333
0273 9.066667 I 12874 9.066667 9.066667 9.066667
0274 9.100000 P 2481 9.100000 9.100000 9.100000
0275 9.133333 P 155 9.133333 9.133333 9.133333
0276 9.166667 P 2375 9.166667 9.166667 9.166667
0277 9.200000 P 2334 9.200000 9.200000 9.200000
0278 9.233333 P 2467 9.233333 9.233333 9.233333
0279 9.266667 P 2353 9.266667 9.266667 9.266667
0280 9.300000 P 2450 9.300000 9.300000 9.300000
0281 9.333333 I 12968 9.333333 9.333333 9.333333
0282 9.366667 P 2557 9.366667 9.366667 9.366667
0283 9.400000 P 2406 9.400000 9.400000 9.400000
0284 9.433333 P 2373 9.433333 9.433333 9.433333
0285 9.466667 P 2321 9.466667 9.466667 9.466667
0286 9.500000 P 2312 9.500000 9.500000 9.500000
0287 9.533333 P 142 9.533333 9.533333 9.533333
0288 9.566667 P 2159 9.566667 9.566667 9.566667
0289 9.600000 I 12927 9.600000 9.600000 9.600000
0290 9.633333 P 2462 9.633333 9.633333 9.633333
0291 9.666667 P 2298 9.666667 9.666667 9.666667
0292 9.700000 P 2240 9.700000 9.700000 9.700000
0293 9.733333 P 123 9.733333 9.733333 9.733333
0294 9.766667 P 2228 9.766667 9.766667 9.766667
0295 9.800000 P 2349 9.800000 9.800000 9.800000
0296 9.833333 P 2100 9.833333 9.833333 9.833333
0297 9.866667 I 13028 9.866667 9.866667 9.866667
0298 9.900000 P 2304 9.900000 9.900000 9.900000
0299 9.933333 P 163 9.933333 9.933333 9.933333
0300 9.966667 P 2137 9.966667 9.966667 9.966667
0301 10.000000 P 2218 10.000000 10.000000 10.000000
0302 10.033333 P 2031 10.033333 10.033333 10.033333
0303 10.066667 P 2110 10.066667 10.066667 10.066667
0304 10.100000 P 2109 10.100000 10.100000 10.100000
0305 10.133333 I 12973 10.133333 10.133333 10.133333
0306 10.166667 P 2391 10.166667 10.166667 10.166667
0307 10.200000 P 2156 10.200000 10.200000 10.200000
0308 10.233333 P 2165 10.233333 10.233333 10.233333
0309 10.266667 P 1973 10.266667 10.266667 10.266667
0310 10.300000 P 1854 10.300000 10.300000 10.300000
0311 10.333333 P 131 10.333333 10.333333 10.333333
0312 10.366667 P 2000 10.366667 10.366667 10.366667
0313 10.400000 I 12715 10.400000 10.400000 10.400000
0314 10.433333 P 2258 10.433333 10.433333 10.433333
0315 10.466667 P 2267 10.466667 10.466667 10.466667
0316 10.500000 P 2029 10.500000 10.500000 10.500000
0317 10.533333 P 134 10.533333 10.533333 10.533333
0318 10.566667 P 2036 10.566667 10.566667 10.566667
0319 10.600000 P 2027 10.600000 10.600000 10.600000
0320 10.633333 P 1871 10.633333 10.633333 10.633333
0321 10.666667 I 12878 10.666667 10.666667 10.666667
0322 10.700000 P 2432 10.700000 10.700000 10.700000
0323 10.733333 P 142 10.733333 10.733333 10.733333
0324 10.766667 P 2514 10.766667 10.766667 10.766667
0325 10.800000 P 2240 10.800000 10.800000 10.800000
0326 10.833333 P 2218 10.833333 10.833333 10.833333
0327 10.866667 P 2123 10.866667 10.866667 10.866667
0328 10.900000 P 2157 10.900000 10.900000 10.900000
0329 10.933333 I 12840 10.933333 10.933333 10.933333
0330 10.966667 P 2574 10.966667 10.966667 10.966667
0331 11.000000 P 2135 11.000000 11.000000 11.000000
0332 11.033333 P 2336 11.033333 11.033333 11.033333
0333 11.066667 P 2254 11.066667 11.066667 11.066667
0334 11.100000 P 2102 11.100000 11.100000 11.100000
0335 11.133333 P 122 11.133333 11.133333 11.133333
0336 11.166667 P 2059 11.166667 11.166667 11.166667
0337 11.200000 I 12761 11.200000 11.200000 11.200000
0338 11.233333 P 2504 11.233333 11.233333 11.233333
0339 11.266667 P 2125 11.266667 11.266667 11.266667
0340 11.300000 P 2258 11.300000 11.300000 11.300000
0341 11.333333 P 122 11.333333 11.333333 11.333333
0342 11.366667 P 2139 11.366667 11.366667 11.366667
0343 11.400000 P 2114 11.400000 11.400000 11.400000
0344 11.433333 P 2266 11.433333 11.433333 11.433333
0345 11.466667 I 12774 11.466667 11.466667 11.466667
0346 11.500000 P 2312 11.500000 11.500000 11.500000
0347 11.533333 P 148 11.533333 11.533333 11.533333
0348 11.566667 P 2310 11.566667 11.566667 11.566667
0349 11.600000 P 2303 11.600000 11.600000 11.600000
0350 11.633333 P 2341 11.633333 11.633333 11.633333
0351 11.666667 P 2235 11.666667 11.666667 11.666667
0352 11.700000 P 2257 11.700000 11.700000 11.700000
0353 11.733333 I 12685 11.733333 11.733333 11.733333
0354 11.766667 P 2389 11.766667 11.766667 11.766667
0355 11.800000 P 2360 11.800000 11.800000 11.800000
0356 11.833333 P 2339 11.833333 11.833333 11.833333
0357 11.866667 P 2303 11.866667 11.866667 11.866667
0358 11.900000 P 2304 11.900000 11.900000 11.900000
0359 11.933333 P 104 11.933333 11.933333 11.933333
0360 11.966667 P 2520 11.966667 11.966667 11.966667
