0001 0.000000 I 16265 0.000000 0.000000 0.000000
0002 0.040000 P 3080 0.040000 0.040000 0.040000
0003 0.080000 P 3199 0.080000 0.080000 0.080000
0004 0.120000 P 3210 0.120000 0.120000 0.120000
0005 0.160000 P 3386 0.160000 0.160000 0.160000
0006 0.200000 P 3404 0.200000 0.200000 0.200000
0007 0.240000 P 3426 0.240000 0.240000 0.240000
0008 0.280000 P 3382 0.280000 0.280000 0.280000
0009 0.320000 I 16345 0.320000 0.320000 0.320000
0010 0.360000 P 2862 0.360000 0.360000 0.360000
0011 0.400000 P 3010 0.400000 0.400000 0.400000
0012 0.440000 P 3038 0.440000 0.440000 0.440000
0013 0.480000 P 3247 0.480000 0.480000 0.480000
0014 0.520000 P 3314 0.520000 0.520000 0.520000
0015 0.560000 P 3471 0.560000 0.560000 0.560000
0016 0.600000 P 3508 0.600000 0.600000 0.600000
0017 0.640000 I 16367 0.640000 0.640000 0.640000
0018 0.680000 P 3378 0.680000 0.680000 0.680000
0019 0.720000 P 3416 0.720000 0.720000 0.720000
0020 0.760000 P 3403 0.760000 0.760000 0.760000
0021 0.800000 P 3583 0.800000 0.800000 0.800000
0022 0.840000 P 3365 0.840000 0.840000 0.840000
0023 0.880000 P 3385 0.880000 0.880000 0.880000
0024 0.920000 P 3433 0.920000 0.920000 0.920000
0025 0.960000 I 16580 0.960000 0.960000 0.960000
0026 1.000000 P 3075 1.000000 1.000000 1.000000
0027 1.040000 P 3561 1.040000 1.040000 1.040000
0028 1.080000 P 3389 1.080000 1.080000 1.080000
0029 1.120000 P 3615 1.120000 1.120000 1.120000
0030 1.160000 P 3605 1.160000 1.160000 1.160000
0031 1.200000 P 3760 1.200000 1.200000 1.200000
0032 1.240000 P 3703 1.240000 1.240000 1.240000
0033 1.280000 I 16811 1.280000 1.280000 1.280000
0034 1.320000 P 3238 1.320000 1.320000 1.320000
0035 1.360000 P 3652 1.360000 1.360000 1.360000
0036 1.400000 P 3567 1.400000 1.400000 1.400000
0037 1.440000 P 3801 1.440000 1.440000 1.440000
0038 1.480000 P 3717 1.480000 1.480000 1.480000
0039 1.520000 P 3913 1.520000 1.520000 1.520000
0040 1.560000 P 3845 1.560000 1.560000 1.560000
0041 1.600000 I 16817 1.600000 1.600000 1.600000
0042 1.640000 P 3772 1.640000 1.640000 1.640000
0043 1.680000 P 4196 1.680000 1.680000 1.680000
0044 1.720000 P 3912 1.720000 1.720000 1.720000
0045 1.760000 P 3998 1.760000 1.760000 1.760000
0046 1.800000 P 3919 1.800000 1.800000 1.800000
0047 1.840000 P 3943 1.840000 1.840000 1.840000
0048 1.880000 P 3694 1.880000 1.880000 1.880000
0049 1.920000 I 17257 1.920000 1.920000 1.920000
0050 1.960000 P 3285 1.960000 1.960000 1.960000
0051 2.000000 P 3720 2.000000 2.000000 2.000000
0052 2.040000 P 3647 2.040000 2.040000 2.040000
0053 2.080000 P 3496 2.080000 2.080000 2.080000
0054 2.120000 P 3558 2.120000 2.120000 2.120000
0055 2.160000 P 3409 2.160000 2.160000 2.160000
0056 2.200000 P 3480 2.200000 2.200000 2.200000
0057 2.240000 I 17373 2.240000 2.240000 2.240000
0058 2.280000 P 3354 2.280000 2.280000 2.280000
0059 2.320000 P 3312 2.320000 2.320000 2.320000
0060 2.360000 P 3431 2.360000 2.360000 2.360000
0061 2.400000 P 3374 2.400000 2.400000 2.400000
0062 2.440000 P 3437 2.440000 2.440000 2.440000
0063 2.480000 P 3306 2.480000 2.480000 2.480000
0064 2.520000 P 3358 2.520000 2.520000 2.520000
0065 2.560000 I 17297 2.560000 2.560000 2.560000
0066 2.600000 P 2616 2.600000 2.600000 2.600000
0067 2.640000 P 2708 2.640000 2.640000 2.640000
0068 2.680000 P 2567 2.680000 2.680000 2.680000
0069 2.720000 P 2409 2.720000 2.720000 2.720000
0070 2.760000 P 2652 2.760000 2.760000 2.760000
0071 2.800000 P 2617 2.800000 2.800000 2.800000
0072 2.840000 P 2393 2.840000 2.840000 2.840000
0073 2.880000 I 17217 2.880000 2.880000 2.880000
0074 2.920000 P 2390 2.920000 2.920000 2.920000
0075 2.960000 P 2566 2.960000 2.960000 2.960000
0076 3.000000 P 2484 3.000000 3.000000 3.000000
0077 3.040000 P 2864 3.040000 3.040000 3.040000
0078 3.080000 P 3034 3.080000 3.080000 3.080000
0079 3.120000 P 2993 3.120000 3.120000 3.120000
0080 3.160000 P 2718 3.160000 3.160000 3.160000
0081 3.200000 I 17326 3.200000 3.200000 3.200000
0082 3.240000 P 2932 3.240000 3.240000 3.240000
0083 3.280000 P 2909 3.280000 3.280000 3.280000
0084 3.320000 P 3089 3.320000 3.320000 3.320000
0085 3.360000 P 2996 3.360000 3.360000 3.360000
0086 3.400000 P 3077 3.400000 3.400000 3.400000
0087 3.440000 P 3226 3.440000 3.440000 3.440000
0088 3.480000 P 3216 3.480000 3.480000 3.480000
0089 3.520000 I 17643 3.520000 3.520000 3.520000
0090 3.560000 P 3666 3.560000 3.560000 3.560000
0091 3.600000 P 3134 3.600000 3.600000 3.600000
0092 3.640000 P 3139 3.640000 3.640000 3.640000
0093 3.680000 P 3131 3.680000 3.680000 3.680000
0094 3.720000 P 3116 3.720000 3.720000 3.720000
0095 3.760000 P 3179 3.760000 3.760000 3.760000
0096 3.800000 P 3463 3.800000 3.800000 3.800000
0097 3.840000 I 17099 3.840000 3.840000 3.840000
0098 3.880000 P 2863 3.880000 3.880000 3.880000
0099 3.920000 P 3439 3.920000 3.920000 3.920000
0100 3.960000 P 3346 3.960000 3.960000 3.960000
0101 4.000000 P 3204 4.000000 4.000000 4.000000
0102 4.040000 P 3008 4.040000 4.040000 4.040000
0103 4.080000 P 3648 4.080000 4.080000 4.080000
0104 4.120000 P 3664 4.120000 4.120000 4.120000
0105 4.160000 I 16972 4.160000 4.160000 4.160000
0106 4.200000 P 3777 4.200000 4.200000 4.200000
0107 4.240000 P 3644 4.240000 4.240000 4.240000
0108 4.280000 P 3867 4.280000 4.280000 4.280000
0109 4.320000 P 3884 4.320000 4.320000 4.320000
0110 4.360000 P 3706 4.360000 4.360000 4.360000
0111 4.400000 P 3645 4.400000 4.400000 4.400000
0112 4.440000 P 3589 4.440000 4.440000 4.440000
0113 4.480000 I 15945 4.480000 4.480000 4.480000
0114 4.520000 P 3365 4.520000 4.520000 4.520000
0115 4.560000 P 3147 4.560000 4.560000 4.560000
0116 4.600000 P 3113 4.600000 4.600000 4.600000
0117 4.640000 P 3415 4.640000 4.640000 4.640000
0118 4.680000 P 3248 4.680000 4.680000 4.680000
0119 4.720000 P 3420 4.720000 4.720000 4.720000
0120 4.760000 P 3358 4.760000 4.760000 4.760000
0121 4.800000 I 15219 4.800000 4.800000 4.800000
0122 4.840000 P 3134 4.840000 4.840000 4.840000
0123 4.880000 P 3295 4.880000 4.880000 4.880000
0124 4.920000 P 3293 4.920000 4.920000 4.920000
0125 4.960000 P 3436 4.960000 4.960000 4.960000
0126 5.000000 P 3404 5.000000 5.000000 5.000000
0127 5.040000 P 3351 5.040000 5.040000 5.040000
0128 5.080000 P 3560 5.080000 5.080000 5.080000
0129 5.120000 I 14439 5.120000 5.120000 5.120000
0130 5.160000 P 3328 5.160000 5.160000 5.160000
0131 5.200000 P 3228 5.200000 5.200000 5.200000
0132 5.240000 P 3119 5.240000 5.240000 5.240000
0133 5.280000 P 3379 5.280000 5.280000 5.280000
0134 5.320000 P 3186 5.320000 5.320000 5.320000
0135 5.360000 P 3352 5.360000 5.360000 5.360000
0136 5.400000 P 3216 5.400000 5.400000 5.400000
0137 5.440000 I 13951 5.440000 5.440000 5.440000
0138 5.480000 P 3111 5.480000 5.480000 5.480000
0139 5.520000 P 3132 5.520000 5.520000 5.520000
0140 5.560000 P 3252 5.560000 5.560000 5.560000
0141 5.600000 P 3154 5.600000 5.600000 5.600000
0142 5.640000 P 3273 5.640000 5.640000 5.640000
0143 5.680000 P 3371 5.680000 5.680000 5.680000
0144 5.720000 P 3333 5.720000 5.720000 5.720000
0145 5.760000 I 13877 5.760000 5.760000 5.760000
0146 5.800000 P 3042 5.800000 5.800000 5.800000
0147 5.840000 P 3438 5.840000 5.840000 5.840000
0148 5.880000 P 3406 5.880000 5.880000 5.880000
0149 5.920000 P 3429 5.920000 5.920000 5.920000
0150 5.960000 P 3525 5.960000 5.960000 5.960000
