0001 0.000000 I 10772 0.000000 0.000000 0.000000
0002 0.040000 P 1245 0.040000 0.040000 0.040000
0003 0.080000 P 1354 0.080000 0.080000 0.080000
0004 0.120000 P 1452 0.120000 0.120000 0.120000
0005 0.160000 P 1441 0.160000 0.160000 0.160000
0006 0.200000 P 1549 0.200000 0.200000 0.200000
0007 0.240000 P 1481 0.240000 0.240000 0.240000
0008 0.280000 P 1555 0.280000 0.280000 0.280000
0009 0.320000 I 10395 0.320000 0.320000 0.320000
0010 0.360000 P 1121 0.360000 0.360000 0.360000
0011 0.400000 P 1231 0.400000 0.400000 0.400000
0012 0.440000 P 1311 0.440000 0.440000 0.440000
0013 0.480000 P 1362 0.480000 0.480000 0.480000
0014 0.520000 P 1454 0.520000 0.520000 0.520000
0015 0.560000 P 1516 0.560000 0.560000 0.560000
0016 0.600000 P 1486 0.600000 0.600000 0.600000
0017 0.640000 I 10591 0.640000 0.640000 0.640000
0018 0.680000 P 1266 0.680000 0.680000 0.680000
0019 0.720000 P 1440 0.720000 0.720000 0.720000
0020 0.760000 P 1474 0.760000 0.760000 0.760000
0021 0.800000 P 1457 0.800000 0.800000 0.800000
0022 0.840000 P 1407 0.840000 0.840000 0.840000
0023 0.880000 P 1534 0.880000 0.880000 0.880000
0024 0.920000 P 1471 0.920000 0.920000 0.920000
0025 0.960000 I 10748 0.960000 0.960000 0.960000
0026 1.000000 P 1212 1.000000 1.000000 1.000000
0027 1.040000 P 1533 1.040000 1.040000 1.040000
0028 1.080000 P 1560 1.080000 1.080000 1.080000
0029 1.120000 P 1543 1.120000 1.120000 1.120000
0030 1.160000 P 1604 1.160000 1.160000 1.160000
0031 1.200000 P 1701 1.200000 1.200000 1.200000
0032 1.240000 P 1586 1.240000 1.240000 1.240000
0033 1.280000 I 10867 1.280000 1.280000 1.280000
0034 1.320000 P 1243 1.320000 1.320000 1.320000
0035 1.360000 P 1469 1.360000 1.360000 1.360000
0036 1.400000 P 1553 1.400000 1.400000 1.400000
0037 1.440000 P 1534 1.440000 1.440000 1.440000
0038 1.480000 P 1567 1.480000 1.480000 1.480000
0039 1.520000 P 1692 1.520000 1.520000 1.520000
0040 1.560000 P 1672 1.560000 1.560000 1.560000
0041 1.600000 I 10888 1.600000 1.600000 1.600000
0042 1.640000 P 1517 1.640000 1.640000 1.640000
0043 1.680000 P 1789 1.680000 1.680000 1.680000
0044 1.720000 P 1802 1.720000 1.720000 1.720000
0045 1.760000 P 1802 1.760000 1.760000 1.760000
0046 1.800000 P 1712 1.800000 1.800000 1.800000
0047 1.840000 P 1779 1.840000 1.840000 1.840000
0048 1.880000 P 1656 1.880000 1.880000 1.880000
0049 1.920000 I 11133 1.920000 1.920000 1.920000
0050 1.960000 P 1151 1.960000 1.960000 1.960000
0051 2.000000 P 1501 2.000000 2.000000 2.000000
0052 2.040000 P 1559 2.040000 2.040000 2.040000
0053 2.080000 P 1547 2.080000 2.080000 2.080000
0054 2.120000 P 1558 2.120000 2.120000 2.120000
0055 2.160000 P 1462 2.160000 2.160000 2.160000
0056 2.200000 P 1512 2.200000 2.200000 2.200000
0057 2.240000 I 11068 2.240000 2.240000 2.240000
0058 2.280000 P 1303 2.280000 2.280000 2.280000
0059 2.320000 P 1489 2.320000 2.320000 2.320000
0060 2.360000 P 1435 2.360000 2.360000 2.360000
0061 2.400000 P 1383 2.400000 2.400000 2.400000
0062 2.440000 P 1388 2.440000 2.440000 2.440000
0063 2.480000 P 1335 2.480000 2.480000 2.480000
0064 2.520000 P 1497 2.520000 2.520000 2.520000
0065 2.560000 I 11003 2.560000 2.560000 2.560000
0066 2.600000 P 970 2.600000 2.600000 2.600000
0067 2.640000 P 1076 2.640000 2.640000 2.640000
0068 2.680000 P 1112 2.680000 2.680000 2.680000
0069 2.720000 P 1097 2.720000 2.720000 2.720000
0070 2.760000 P 1114 2.760000 2.760000 2.760000
0071 2.800000 P 1063 2.800000 2.800000 2.800000
0072 2.840000 P 1126 2.840000 2.840000 2.840000
0073 2.880000 I 11028 2.880000 2.880000 2.880000
0074 2.920000 P 958 2.920000 2.920000 2.920000
0075 2.960000 P 1136 2.960000 2.960000 2.960000
0076 3.000000 P 1101 3.000000 3.000000 3.000000
0077 3.040000 P 1187 3.040000 3.040000 3.040000
0078 3.080000 P 1243 3.080000 3.080000 3.080000
0079 3.120000 P 1232 3.120000 3.120000 3.120000
0080 3.160000 P 1305 3.160000 3.160000 3.160000
0081 3.200000 I 11081 3.200000 3.200000 3.200000
0082 3.240000 P 1132 3.240000 3.240000 3.240000
0083 3.280000 P 1185 3.280000 3.280000 3.280000
0084 3.320000 P 1281 3.320000 3.320000 3.320000
0085 3.360000 P 1379 3.360000 3.360000 3.360000
0086 3.400000 P 1372 3.400000 3.400000 3.400000
0087 3.440000 P 1446 3.440000 3.440000 3.440000
0088 3.480000 P 1517 3.480000 3.480000 3.480000
0089 3.520000 I 11236 3.520000 3.520000 3.520000
0090 3.560000 P 1256 3.560000 3.560000 3.560000
0091 3.600000 P 1333 3.600000 3.600000 3.600000
0092 3.640000 P 1299 3.640000 3.640000 3.640000
0093 3.680000 P 1363 3.680000 3.680000 3.680000
0094 3.720000 P 1450 3.720000 3.720000 3.720000
0095 3.760000 P 1531 3.760000 3.760000 3.760000
0096 3.800000 P 1535 3.800000 3.800000 3.800000
0097 3.840000 I 10782 3.840000 3.840000 3.840000
0098 3.880000 P 1331 3.880000 3.880000 3.880000
0099 3.920000 P 1452 3.920000 3.920000 3.920000
0100 3.960000 P 1467 3.960000 3.960000 3.960000
0101 4.000000 P 1571 4.000000 4.000000 4.000000
0102 4.040000 P 1437 4.040000 4.040000 4.040000
0103 4.080000 P 1540 4.080000 4.080000 4.080000
0104 4.120000 P 1655 4.120000 4.120000 4.120000
0105 4.160000 I 10855 4.160000 4.160000 4.160000
0106 4.200000 P 1409 4.200000 4.200000 4.200000
0107 4.240000 P 1681 4.240000 4.240000 4.240000
0108 4.280000 P 1612 4.280000 4.280000 4.280000
0109 4.320000 P 1630 4.320000 4.320000 4.320000
0110 4.360000 P 1572 4.360000 4.360000 4.360000
0111 4.400000 P 1505 4.400000 4.400000 4.400000
0112 4.440000 P 1530 4.440000 4.440000 4.440000
0113 4.480000 I 9959 4.480000 4.480000 4.480000
0114 4.520000 P 1191 4.520000 4.520000 4.520000
0115 4.560000 P 1371 4.560000 4.560000 4.560000
0116 4.600000 P 1348 4.600000 4.600000 4.600000
0117 4.640000 P 1361 4.640000 4.640000 4.640000
0118 4.680000 P 1443 4.680000 4.680000 4.680000
0119 4.720000 P 1291 4.720000 4.720000 4.720000
0120 4.760000 P 1400 4.760000 4.760000 4.760000
0121 4.800000 I 9554 4.800000 4.800000 4.800000
0122 4.840000 P 1141 4.840000 4.840000 4.840000
0123 4.880000 P 1322 4.880000 4.880000 4.880000
0124 4.920000 P 1253 4.920000 4.920000 4.920000
0125 4.960000 P 1429 4.960000 4.960000 4.960000
0126 5.000000 P 1392 5.000000 5.000000 5.000000
0127 5.040000 P 1438 5.040000 5.040000 5.040000
0128 5.080000 P 1501 5.080000 5.080000 5.080000
0129 5.120000 I 9042 5.120000 5.120000 5.120000
0130 5.160000 P 1236 5.160000 5.160000 5.160000
0131 5.200000 P 1361 5.200000 5.200000 5.200000
0132 5.240000 P 1351 5.240000 5.240000 5.240000
0133 5.280000 P 1352 5.280000 5.280000 5.280000
0134 5.320000 P 1348 5.320000 5.320000 5.320000
0135 5.360000 P 1378 5.360000 5.360000 5.360000
0136 5.400000 P 1357 5.400000 5.400000 5.400000
0137 5.440000 I 8748 5.440000 5.440000 5.440000
0138 5.480000 P 1134 5.480000 5.480000 5.480000
0139 5.520000 P 1302 5.520000 5.520000 5.520000
0140 5.560000 P 1336 5.560000 5.560000 5.560000
0141 5.600000 P 1367 5.600000 5.600000 5.600000
0142 5.640000 P 1440 5.640000 5.640000 5.640000
0143 5.680000 P 1494 5.680000 5.680000 5.680000
0144 5.720000 P 1402 5.720000 5.720000 5.720000
0145 5.760000 I 8568 5.760000 5.760000 5.760000
0146 5.800000 P 1152 5.800000 5.800000 5.800000
0147 5.840000 P 1416 5.840000 5.840000 5.840000
0148 5.880000 P 1443 5.880000 5.880000 5.880000
0149 5.920000 P 1538 5.920000 5.920000 5.920000
0150 5.960000 P 1520 5.960000 5.960000 5.960000
