0001 0.000000 I 5166 0.000000 0.000000 0.000000
0002 0.033000 P 545 0.033000 0.033000 0.033000
0003 0.067000 P 447 0.067000 0.067000 0.067000
0004 0.100000 P 426 0.100000 0.100000 0.100000
0005 0.133000 P 375 0.133000 0.133000 0.133000
0006 0.167000 P 291 0.167000 0.167000 0.167000
0007 0.200000 P 334 0.200000 0.200000 0.200000
0008 0.233000 P 375 0.233000 0.233000 0.233000
0009 0.267000 I 5252 0.267000 0.267000 0.267000
0010 0.300000 P 484 0.300000 0.300000 0.300000
0011 0.333000 P 552 0.333000 0.333000 0.333000
0012 0.367000 P 436 0.367000 0.367000 0.367000
0013 0.400000 P 422 0.400000 0.400000 0.400000
0014 0.433000 P 358 0.433000 0.433000 0.433000
0015 0.467000 P 444 0.467000 0.467000 0.467000
0016 0.500000 P 444 0.500000 0.500000 0.500000
0017 0.533000 I 5290 0.533000 0.533000 0.533000
0018 0.567000 P 831 0.567000 0.567000 0.567000
0019 0.600000 P 716 0.600000 0.600000 0.600000
0020 0.633000 P 788 0.633000 0.633000 0.633000
0021 0.667000 P 831 0.667000 0.667000 0.667000
0022 0.700000 P 850 0.700000 0.700000 0.700000
0023 0.733000 P 726 0.733000 0.733000 0.733000
0024 0.767000 P 740 0.767000 0.767000 0.767000
0025 0.800000 I 5558 0.800000 0.800000 0.800000
0026 0.833000 P 1025 0.833000 0.833000 0.833000
0027 0.867000 P 892 0.867000 0.867000 0.867000
0028 0.900000 P 1019 0.900000 0.900000 0.900000
0029 0.933000 P 937 0.933000 0.933000 0.933000
0030 0.967000 P 827 0.967000 0.967000 0.967000
0031 1.000000 P 834 1.000000 1.000000 1.000000
0032 1.033000 P 734 1.033000 1.033000 1.033000
0033 1.067000 I 5467 1.067000 1.067000 1.067000
0034 1.100000 P 961 1.100000 1.100000 1.100000
0035 1.133000 P 888 1.133000 1.133000 1.133000
0036 1.167000 P 956 1.167000 1.167000 1.167000
0037 1.200000 P 830 1.200000 1.200000 1.200000
0038 1.233000 P 860 1.233000 1.233000 1.233000
0039 1.267000 P 827 1.267000 1.267000 1.267000
0040 1.300000 P 805 1.300000 1.300000 1.300000
0041 1.333000 I 5566 1.333000 1.333000 1.333000
0042 1.367000 P 1023 1.367000 1.367000 1.367000
0043 1.400000 P 999 1.400000 1.400000 1.400000
0044 1.433000 P 869 1.433000 1.433000 1.433000
0045 1.467000 P 937 1.467000 1.467000 1.467000
0046 1.500000 P 875 1.500000 1.500000 1.500000
0047 1.533000 P 911 1.533000 1.533000 1.533000
0048 1.567000 P 686 1.567000 1.567000 1.567000
0049 1.600000 I 5423 1.600000 1.600000 1.600000
0050 1.633000 P 1056 1.633000 1.633000 1.633000
0051 1.667000 P 1043 1.667000 1.667000 1.667000
0052 1.700000 P 842 1.700000 1.700000 1.700000
0053 1.733000 P 814 1.733000 1.733000 1.733000
0054 1.767000 P 893 1.767000 1.767000 1.767000
0055 1.800000 P 760 1.800000 1.800000 1.800000
0056 1.833000 P 625 1.833000 1.833000 1.833000
0057 1.867000 I 5388 1.867000 1.867000 1.867000
0058 1.900000 P 1003 1.900000 1.900000 1.900000
0059 1.933000 P 900 1.933000 1.933000 1.933000
0060 1.967000 P 749 1.967000 1.967000 1.967000
0061 2.000000 P 813 2.000000 2.000000 2.000000
0062 2.033000 P 766 2.033000 2.033000 2.033000
0063 2.067000 P 773 2.067000 2.067000 2.067000
0064 2.100000 P 709 2.100000 2.100000 2.100000
0065 2.133000 I 5378 2.133000 2.133000 2.133000
0066 2.167000 P 1000 2.167000 2.167000 2.167000
0067 2.200000 P 866 2.200000 2.200000 2.200000
0068 2.233000 P 729 2.233000 2.233000 2.233000
0069 2.267000 P 697 2.267000 2.267000 2.267000
0070 2.300000 P 835 2.300000 2.300000 2.300000
0071 2.333000 P 732 2.333000 2.333000 2.333000
0072 2.367000 P 515 2.367000 2.367000 2.367000
0073 2.400000 I 5474 2.400000 2.400000 2.400000
0074 2.433000 P 981 2.433000 2.433000 2.433000
0075 2.467000 P 744 2.467000 2.467000 2.467000
0076 2.500000 P 874 2.500000 2.500000 2.500000
0077 2.533000 P 829 2.533000 2.533000 2.533000
0078 2.567000 P 905 2.567000 2.567000 2.567000
0079 2.600000 P 735 2.600000 2.600000 2.600000
0080 2.633000 P 710 2.633000 2.633000 2.633000
0081 2.667000 I 5500 2.667000 2.667000 2.667000
0082 2.700000 P 997 2.700000 2.700000 2.700000
0083 2.733000 P 890 2.733000 2.733000 2.733000
0084 2.767000 P 804 2.767000 2.767000 2.767000
0085 2.800000 P 775 2.800000 2.800000 2.800000
0086 2.833000 P 790 2.833000 2.833000 2.833000
0087 2.867000 P 747 2.867000 2.867000 2.867000
0088 2.900000 P 824 2.900000 2.900000 2.900000
0089 2.933000 I 5536 2.933000 2.933000 2.933000
0090 2.967000 P 1073 2.967000 2.967000 2.967000
0091 3.000000 P 1065 3.000000 3.000000 3.000000
0092 3.033000 P 1021 3.033000 3.033000 3.033000
0093 3.067000 P 939 3.067000 3.067000 3.067000
0094 3.100000 P 856 3.100000 3.100000 3.100000
0095 3.133000 P 838 3.133000 3.133000 3.133000
0096 3.167000 P 687 3.167000 3.167000 3.167000
0097 3.200000 I 5556 3.200000 3.200000 3.200000
0098 3.233000 P 990 3.233000 3.233000 3.233000
0099 3.267000 P 921 3.267000 3.267000 3.267000
0100 3.300000 P 860 3.300000 3.300000 3.300000
0101 3.333000 P 954 3.333000 3.333000 3.333000
0102 3.367000 P 783 3.367000 3.367000 3.367000
0103 3.400000 P 708 3.400000 3.400000 3.400000
0104 3.433000 P 652 3.433000 3.433000 3.433000
0105 3.467000 I 5661 3.467000 3.467000 3.467000
0106 3.500000 P 807 3.500000 3.500000 3.500000
0107 3.533000 P 772 3.533000 3.533000 3.533000
0108 3.567000 P 849 3.567000 3.567000 3.567000
0109 3.600000 P 751 3.600000 3.600000 3.600000
0110 3.633000 P 734 3.633000 3.633000 3.633000
0111 3.667000 P 632 3.667000 3.667000 3.667000
0112 3.700000 P 603 3.700000 3.700000 3.700000
0113 3.733000 I 5643 3.733000 3.733000 3.733000
0114 3.767000 P 931 3.767000 3.767000 3.767000
0115 3.800000 P 622 3.800000 3.800000 3.800000
0116 3.833000 P 637 3.833000 3.833000 3.833000
0117 3.867000 P 520 3.867000 3.867000 3.867000
0118 3.900000 P 561 3.900000 3.900000 3.900000
0119 3.933000 P 513 3.933000 3.933000 3.933000
0120 3.967000 P 463 3.967000 3.967000 3.967000
0121 4.000000 I 5685 4.000000 4.000000 4.000000
0122 4.033000 P 778 4.033000 4.033000 4.033000
0123 4.067000 P 718 4.067000 4.067000 4.067000
0124 4.100000 P 699 4.100000 4.100000 4.100000
0125 4.133000 P 706 4.133000 4.133000 4.133000
0126 4.167000 P 654 4.167000 4.167000 4.167000
0127 4.200000 P 752 4.200000 4.200000 4.200000
0128 4.233000 P 399 4.233000 4.233000 4.233000
0129 4.267000 I 5671 4.267000 4.267000 4.267000
0130 4.300000 P 843 4.300000 4.300000 4.300000
0131 4.333000 P 826 4.333000 4.333000 4.333000
0132 4.367000 P 844 4.367000 4.367000 4.367000
0133 4.400000 P 792 4.400000 4.400000 4.400000
0134 4.433000 P 744 4.433000 4.433000 4.433000
0135 4.467000 P 684 4.467000 4.467000 4.467000
0136 4.500000 P 584 4.500000 4.500000 4.500000
0137 4.533000 I 5479 4.533000 4.533000 4.533000
0138 4.567000 P 958 4.567000 4.567000 4.567000
0139 4.600000 P 839 4.600000 4.600000 4.600000
0140 4.633000 P 778 4.633000 4.633000 4.633000
0141 4.667000 P 726 4.667000 4.667000 4.667000
0142 4.700000 P 694 4.700000 4.700000 4.700000
0143 4.733000 P 705 4.733000 4.733000 4.733000
0144 4.767000 P 571 4.767000 4.767000 4.767000
0145 4.800000 I 5490 4.800000 4.800000 4.800000
0146 4.833000 P 993 4.833000 4.833000 4.833000
0147 4.867000 P 692 4.867000 4.867000 4.867000
0148 4.900000 P 701 4.900000 4.900000 4.900000
0149 4.933000 P 875 4.933000 4.933000 4.933000
0150 4.967000 P 934 4.967000 4.967000 4.967000
0151 5.000000 P 868 5.000000 5.000000 5.000000
0152 5.033000 P 710 5.033000 5.033000 5.033000
0153 5.067000 I 5476 5.067000 5.067000 5.067000
0154 5.100000 P 1121 5.100000 5.100000 5.100000
0155 5.133000 P 920 5.133000 5.133000 5.133000
0156 5.167000 P 908 5.167000 5.167000 5.167000
0157 5.200000 P 840 5.200000 5.200000 5.200000
0158 5.233000 P 863 5.233000 5.233000 5.233000
0159 5.267000 P 641 5.267000 5.267000 5.267000
0160 5.300000 P 496 5.300000 5.300000 5.300000
0161 5.333000 I 5399 5.333000 5.333000 5.333000
0162 5.367000 P 953 5.367000 5.367000 5.367000
0163 5.400000 P 772 5.400000 5.400000 5.400000
0164 5.433000 P 758 5.433000 5.433000 5.433000
0165 5.467000 P 809 5.467000 5.467000 5.467000
0166 5.500000 P 737 5.500000 5.500000 5.500000
0167 5.533000 P 675 5.533000 5.533000 5.533000
0168 5.567000 P 706 5.567000 5.567000 5.567000
0169 5.600000 I 5480 5.600000 5.600000 5.600000
0170 5.633000 P 953 5.633000 5.633000 5.633000
0171 5.667000 P 790 5.667000 5.667000 5.667000
0172 5.700000 P 867 5.700000 5.700000 5.700000
0173 5.733000 P 768 5.733000 5.733000 5.733000
0174 5.767000 P 718 5.767000 5.767000 5.767000
0175 5.800000 P 605 5.800000 5.800000 5.800000
0176 5.833000 P 539 5.833000 5.833000 5.833000
0177 5.867000 I 5514 5.867000 5.867000 5.867000
0178 5.900000 P 970 5.900000 5.900000 5.900000
0179 5.933000 P 923 5.933000 5.933000 5.933000
0180 5.967000 P 900 5.967000 5.967000 5.967000
0181 6.000000 P 758 6.000000 6.000000 6.000000
0182 6.033000 P 806 6.033000 6.033000 6.033000
0183 6.067000 P 822 6.067000 6.067000 6.067000
0184 6.100000 P 682 6.100000 6.100000 6.100000
0185 6.133000 I 5533 6.133000 6.133000 6.133000
0186 6.167000 P 967 6.167000 6.167000 6.167000
0187 6.200000 P 871 6.200000 6.200000 6.200000
0188 6.233000 P 771 6.233000 6.233000 6.233000
0189 6.267000 P 783 6.267000 6.267000 6.267000
0190 6.300000 P 768 6.300000 6.300000 6.300000
0191 6.333000 P 687 6.333000 6.333000 6.333000
0192 6.367000 P 482 6.367000 6.367000 6.367000
0193 6.400000 I 5514 6.400000 6.400000 6.400000
0194 6.433000 P 929 6.433000 6.433000 6.433000
0195 6.467000 P 815 6.467000 6.467000 6.467000
0196 6.500000 P 850 6.500000 6.500000 6.500000
0197 6.533000 P 797 6.533000 6.533000 6.533000
0198 6.567000 P 650 6.567000 6.567000 6.567000
0199 6.600000 P 774 6.600000 6.600000 6.600000
0200 6.633000 P 605 6.633000 6.633000 6.633000
0201 6.667000 I 5592 6.667000 6.667000 6.667000
0202 6.700000 P 968 6.700000 6.700000 6.700000
0203 6.733000 P 902 6.733000 6.733000 6.733000
0204 6.767000 P 872 6.767000 6.767000 6.767000
0205 6.800000 P 971 6.800000 6.800000 6.800000
0206 6.833000 P 953 6.833000 6.833000 6.833000
0207 6.867000 P 721 6.867000 6.867000 6.867000
0208 6.900000 P 561 6.900000 6.900000 6.900000
0209 6.933000 I 5583 6.933000 6.933000 6.933000
0210 6.967000 P 803 6.967000 6.967000 6.967000
0211 7.000000 P 918 7.000000 7.000000 7.000000
0212 7.033000 P 917 7.033000 7.033000 7.033000
0213 7.067000 P 869 7.067000 7.067000 7.067000
0214 7.100000 P 836 7.100000 7.100000 7.100000
0215 7.133000 P 695 7.133000 7.133000 7.133000
0216 7.167000 P 620 7.167000 7.167000 7.167000
0217 7.200000 I 5535 7.200000 7.200000 7.200000
0218 7.233000 P 1031 7.233000 7.233000 7.233000
0219 7.267000 P 920 7.267000 7.267000 7.267000
0220 7.300000 P 829 7.300000 7.300000 7.300000
0221 7.333000 P 921 7.333000 7.333000 7.333000
0222 7.367000 P 960 7.367000 7.367000 7.367000
0223 7.400000 P 800 7.400000 7.400000 7.400000
0224 7.433000 P 663 7.433000 7.433000 7.433000
0225 7.467000 I 5462 7.467000 7.467000 7.467000
0226 7.500000 P 1088 7.500000 7.500000 7.500000
0227 7.533000 P 939 7.533000 7.533000 7.533000
0228 7.567000 P 974 7.567000 7.567000 7.567000
0229 7.600000 P 959 7.600000 7.600000 7.600000
0230 7.633000 P 910 7.633000 7.633000 7.633000
0231 7.667000 P 800 7.667000 7.667000 7.667000
0232 7.700000 P 778 7.700000 7.700000 7.700000
0233 7.733000 I 5579 7.733000 7.733000 7.733000
0234 7.767000 P 1154 7.767000 7.767000 7.767000
0235 7.800000 P 1096 7.800000 7.800000 7.800000
0236 7.833000 P 895 7.833000 7.833000 7.833000
0237 7.867000 P 888 7.867000 7.867000 7.867000
0238 7.900000 P 809 7.900000 7.900000 7.900000
0239 7.933000 P 764 7.933000 7.933000 7.933000
0240 7.967000 P 630 7.967000 7.967000 7.967000
0241 8.000000 I 5519 8.000000 8.000000 8.000000
0242 8.033000 P 1033 8.033000 8.033000 8.033000
0243 8.067000 P 871 8.067000 8.067000 8.067000
0244 8.100000 P 820 8.100000 8.100000 8.100000
0245 8.133000 P 868 8.133000 8.133000 8.133000
0246 8.167000 P 810 8.167000 8.167000 8.167000
0247 8.200000 P 795 8.200000 8.200000 8.200000
0248 8.233000 P 519 8.233000 8.233000 8.233000
0249 8.267000 I 5499 8.267000 8.267000 8.267000
0250 8.300000 P 833 8.300000 8.300000 8.300000
0251 8.333000 P 744 8.333000 8.333000 8.333000
0252 8.367000 P 777 8.367000 8.367000 8.367000
0253 8.400000 P 753 8.400000 8.400000 8.400000
0254 8.433000 P 787 8.433000 8.433000 8.433000
0255 8.467000 P 620 8.467000 8.467000 8.467000
0256 8.500000 P 563 8.500000 8.500000 8.500000
0257 8.533000 I 5451 8.533000 8.533000 8.533000
0258 8.567000 P 731 8.567000 8.567000 8.567000
0259 8.600000 P 710 8.600000 8.600000 8.600000
0260 8.633000 P 714 8.633000 8.633000 8.633000
0261 8.667000 P 738 8.667000 8.667000 8.667000
0262 8.700000 P 756 8.700000 8.700000 8.700000
0263 8.733000 P 762 8.733000 8.733000 8.733000
0264 8.767000 P 564 8.767000 8.767000 8.767000
0265 8.800000 I 5457 8.800000 8.800000 8.800000
0266 8.833000 P 963 8.833000 8.833000 8.833000
0267 8.867000 P 738 8.867000 8.867000 8.867000
0268 8.900000 P 926 8.900000 8.900000 8.900000
0269 8.933000 P 767 8.933000 8.933000 8.933000
0270 8.967000 P 880 8.967000 8.967000 8.967000
0271 9.000000 P 690 9.000000 9.000000 9.000000
0272 9.033000 P 719 9.033000 9.033000 9.033000
0273 9.067000 I 5438 9.067000 9.067000 9.067000
0274 9.100000 P 948 9.100000 9.100000 9.100000
0275 9.133000 P 957 9.133000 9.133000 9.133000
0276 9.167000 P 660 9.167000 9.167000 9.167000
0277 9.200000 P 962 9.200000 9.200000 9.200000
0278 9.233000 P 840 9.233000 9.233000 9.233000
0279 9.267000 P 816 9.267000 9.267000 9.267000
0280 9.300000 P 627 9.300000 9.300000 9.300000
0281 9.333000 I 5435 9.333000 9.333000 9.333000
0282 9.367000 P 1031 9.367000 9.367000 9.367000
0283 9.400000 P 773 9.400000 9.400000 9.400000
0284 9.433000 P 933 9.433000 9.433000 9.433000
0285 9.467000 P 796 9.467000 9.467000 9.467000
0286 9.500000 P 803 9.500000 9.500000 9.500000
0287 9.533000 P 886 9.533000 9.533000 9.533000
0288 9.567000 P 663 9.567000 9.567000 9.567000
0289 9.600000 I 5359 9.600000 9.600000 9.600000
0290 9.633000 P 1050 9.633000 9.633000 9.633000
0291 9.667000 P 951 9.667000 9.667000 9.667000
0292 9.700000 P 881 9.700000 9.700000 9.700000
0293 9.733000 P 888 9.733000 9.733000 9.733000
0294 9.767000 P 820 9.767000 9.767000 9.767000
0295 9.800000 P 737 9.800000 9.800000 9.800000
0296 9.833000 P 664 9.833000 9.833000 9.833000
0297 9.867000 I 5451 9.867000 9.867000 9.867000
0298 9.900000 P 1254 9.900000 9.900000 9.900000
0299 9.933000 P 1268 9.933000 9.933000 9.933000
0300 9.967000 P 988 9.967000 9.967000 9.967000
