0001 0.000000 I 37728 0.000000 0.000000 0.000000
0002 0.033333 P 6566 0.033333 0.033333 0.033333
0003 0.066667 P 6741 0.066667 0.066667 0.066667
0004 0.100000 P 7286 0.100000 0.100000 0.100000
0005 0.133333 P 238 0.133333 0.133333 0.133333
0006 0.166667 P 7675 0.166667 0.166667 0.166667
0007 0.200000 P 8317 0.200000 0.200000 0.200000
0008 0.233333 P 8213 0.233333 0.233333 0.233333
0009 0.266667 I 37547 0.266667 0.266667 0.266667
0010 0.300000 P 7124 0.300000 0.300000 0.300000
0011 0.333333 P 131 0.333333 0.333333 0.333333
0012 0.366667 P 6830 0.366667 0.366667 0.366667
0013 0.400000 P 7527 0.400000 0.400000 0.400000
0014 0.433333 P 7598 0.433333 0.433333 0.433333
0015 0.466667 P 7175 0.466667 0.466667 0.466667
0016 0.500000 P 7039 0.500000 0.500000 0.500000
0017 0.533333 I 36057 0.533333 0.533333 0.533333
0018 0.566667 P 5729 0.566667 0.566667 0.566667
0019 0.600000 P 6701 0.600000 0.600000 0.600000
0020 0.633333 P 6537 0.633333 0.633333 0.633333
0021 0.666667 P 7757 0.666667 0.666667 0.666667
0022 0.700000 P 7658 0.700000 0.700000 0.700000
0023 0.733333 P 283 0.733333 0.733333 0.733333
0024 0.766667 P 8201 0.766667 0.766667 0.766667
0025 0.800000 I 36159 0.800000 0.800000 0.800000
0026 0.833333 P 6221 0.833333 0.833333 0.833333
0027 0.866667 P 6872 0.866667 0.866667 0.866667
0028 0.900000 P 7746 0.900000 0.900000 0.900000
0029 0.933333 P 162 0.933333 0.933333 0.933333
0030 0.966667 P 8600 0.966667 0.966667 0.966667
0031 1.000000 P 7266 1.000000 1.000000 1.000000
0032 1.033333 P 6993 1.033333 1.033333 1.033333
0033 1.066667 I 36471 1.066667 1.066667 1.066667
0034 1.100000 P 5784 1.100000 1.100000 1.100000
0035 1.133333 P 205 1.133333 1.133333 1.133333
0036 1.166667 P 6240 1.166667 1.166667 1.166667
0037 1.200000 P 6901 1.200000 1.200000 1.200000
0038 1.233333 P 7441 1.233333 1.233333 1.233333
0039 1.266667 P 7381 1.266667 1.266667 1.266667
0040 1.300000 P 6911 1.300000 1.300000 1.300000
0041 1.333333 I 36282 1.333333 1.333333 1.333333
0042 1.366667 P 5695 1.366667 1.366667 1.366667
0043 1.400000 P 6326 1.400000 1.400000 1.400000
0044 1.433333 P 6550 1.433333 1.433333 1.433333
0045 1.466667 P 7575 1.466667 1.466667 1.466667
0046 1.500000 P 7621 1.500000 1.500000 1.500000
0047 1.533333 P 165 1.533333 1.533333 1.533333
0048 1.566667 P 7237 1.566667 1.566667 1.566667
0049 1.600000 I 36727 1.600000 1.600000 1.600000
0050 1.633333 P 6085 1.633333 1.633333 1.633333
0051 1.666667 P 6575 1.666667 1.666667 1.666667
0052 1.700000 P 6784 1.700000 1.700000 1.700000
0053 1.733333 P 215 1.733333 1.733333 1.733333
0054 1.766667 P 6800 1.766667 1.766667 1.766667
0055 1.800000 P 6625 1.800000 1.800000 1.800000
0056 1.833333 P 7378 1.833333 1.833333 1.833333
0057 1.866667 I 36203 1.866667 1.866667 1.866667
0058 1.900000 P 5367 1.900000 1.900000 1.900000
0059 1.933333 P 177 1.933333 1.933333 1.933333
0060 1.966667 P 5871 1.966667 1.966667 1.966667
0061 2.000000 P 6739 2.000000 2.000000 2.000000
0062 2.033333 P 6638 2.033333 2.033333 2.033333
0063 2.066667 P 6351 2.066667 2.066667 2.066667
0064 2.100000 P 5988 2.100000 2.100000 2.100000
0065 2.133333 I 34966 2.133333 2.133333 2.133333
0066 2.166667 P 4852 2.166667 2.166667 2.166667
0067 2.200000 P 5499 2.200000 2.200000 2.200000
0068 2.233333 P 6675 2.233333 2.233333 2.233333
0069 2.266667 P 7279 2.266667 2.266667 2.266667
0070 2.300000 P 6634 2.300000 2.300000 2.300000
0071 2.333333 P 216 2.333333 2.333333 2.333333
0072 2.366667 P 6667 2.366667 2.366667 2.366667
0073 2.400000 I 35737 2.400000 2.400000 2.400000
0074 2.433333 P 5527 2.433333 2.433333 2.433333
0075 2.466667 P 5474 2.466667 2.466667 2.466667
0076 2.500000 P 5607 2.500000 2.500000 2.500000
0077 2.533333 P 259 2.533333 2.533333 2.533333
0078 2.566667 P 5701 2.566667 2.566667 2.566667
0079 2.600000 P 6038 2.600000 2.600000 2.600000
0080 2.633333 P 6226 2.633333 2.633333 2.633333
0081 2.666667 I 34715 2.666667 2.666667 2.666667
0082 2.700000 P 5195 2.700000 2.700000 2.700000
0083 2.733333 P 240 2.733333 2.733333 2.733333
0084 2.766667 P 5970 2.766667 2.766667 2.766667
0085 2.800000 P 6404 2.800000 2.800000 2.800000
0086 2.833333 P 6127 2.833333 2.833333 2.833333
0087 2.866667 P 6386 2.866667 2.866667 2.866667
0088 2.900000 P 6723 2.900000 2.900000 2.900000
0089 2.933333 I 34734 2.933333 2.933333 2.933333
0090 2.966667 P 6466 2.966667 2.966667 2.966667
0091 3.000000 P 6352 3.000000 3.000000 3.000000
0092 3.033333 P 6393 3.033333 3.033333 3.033333
0093 3.066667 P 6696 3.066667 3.066667 3.066667
0094 3.100000 P 6717 3.100000 3.100000 3.100000
0095 3.133333 P 219 3.133333 3.133333 3.133333
0096 3.166667 P 6914 3.166667 3.166667 3.166667
0097 3.200000 I 35394 3.200000 3.200000 3.200000
0098 3.233333 P 5272 3.233333 3.233333 3.233333
0099 3.266667 P 5815 3.266667 3.266667 3.266667
0100 3.300000 P 6095 3.300000 3.300000 3.300000
0101 3.333333 P 178 3.333333 3.333333 3.333333
0102 3.366667 P 6555 3.366667 3.366667 3.366667
0103 3.400000 P 6688 3.400000 3.400000 3.400000
0104 3.433333 P 6029 3.433333 3.433333 3.433333
0105 3.466667 I 34646 3.466667 3.466667 3.466667
0106 3.500000 P 6087 3.500000 3.500000 3.500000
0107 3.533333 P 235 3.533333 3.533333 3.533333
0108 3.566667 P 6089 3.566667 3.566667 3.566667
0109 3.600000 P 6591 3.600000 3.600000 3.600000
0110 3.633333 P 6443 3.633333 3.633333 3.633333
0111 3.666667 P 6299 3.666667 3.666667 3.666667
0112 3.700000 P 7181 3.700000 3.700000 3.700000
0113 3.733333 I 35237 3.733333 3.733333 3.733333
0114 3.766667 P 5943 3.766667 3.766667 3.766667
0115 3.800000 P 6316 3.800000 3.800000 3.800000
0116 3.833333 P 6089 3.833333 3.833333 3.833333
0117 3.866667 P 6187 3.866667 3.866667 3.866667
0118 3.900000 P 6829 3.900000 3.900000 3.900000
0119 3.933333 P 231 3.933333 3.933333 3.933333
0120 3.966667 P 6993 3.966667 3.966667 3.966667
0121 4.000000 I 35402 4.000000 4.000000 4.000000
0122 4.033333 P 5687 4.033333 4.033333 4.033333
0123 4.066667 P 5700 4.066667 4.066667 4.066667
0124 4.100000 P 6222 4.100000 4.100000 4.100000
0125 4.133333 P 248 4.133333 4.133333 4.133333
0126 4.166667 P 7173 4.166667 4.166667 4.166667
0127 4.200000 P 6777 4.200000 4.200000 4.200000
0128 4.233333 P 6755 4.233333 4.233333 4.233333
0129 4.266667 I 35110 4.266667 4.266667 4.266667
0130 4.300000 P 5757 4.300000 4.300000 4.300000
0131 4.333333 P 200 4.333333 4.333333 4.333333
0132 4.366667 P 5503 4.366667 4.366667 4.366667
0133 4.400000 P 5896 4.400000 4.400000 4.400000
0134 4.433333 P 6040 4.433333 4.433333 4.433333
0135 4.466667 P 6826 4.466667 4.466667 4.466667
0136 4.500000 P 7183 4.500000 4.500000 4.500000
0137 4.533333 I 35413 4.533333 4.533333 4.533333
0138 4.566667 P 5767 4.566667 4.566667 4.566667
0139 4.600000 P 5739 4.600000 4.600000 4.600000
0140 4.633333 P 6376 4.633333 4.633333 4.633333
0141 4.666667 P 6266 4.666667 4.666667 4.666667
0142 4.700000 P 6412 4.700000 4.700000 4.700000
0143 4.733333 P 198 4.733333 4.733333 4.733333
0144 4.766667 P 6037 4.766667 4.766667 4.766667
0145 4.800000 I 34010 4.800000 4.800000 4.800000
0146 4.833333 P 5099 4.833333 4.833333 4.833333
0147 4.866667 P 5304 4.866667 4.866667 4.866667
0148 4.900000 P 5432 4.900000 4.900000 4.900000
0149 4.933333 P 173 4.933333 4.933333 4.933333
0150 4.966667 P 5617 4.966667 4.966667 4.966667
0151 5.000000 P 5267 5.000000 5.000000 5.000000
0152 5.033333 P 6090 5.033333 5.033333 5.033333
0153 5.066667 I 33471 5.066667 5.066667 5.066667
0154 5.100000 P 5078 5.100000 5.100000 5.100000
0155 5.133333 P 210 5.133333 5.133333 5.133333
0156 5.166667 P 5256 5.166667 5.166667 5.166667
0157 5.200000 P 5378 5.200000 5.200000 5.200000
0158 5.233333 P 5731 5.233333 5.233333 5.233333
0159 5.266667 P 5607 5.266667 5.266667 5.266667
0160 5.300000 P 6025 5.300000 5.300000 5.300000
0161 5.333333 I 33434 5.333333 5.333333 5.333333
0162 5.366667 P 4840 5.366667 5.366667 5.366667
0163 5.400000 P 4645 5.400000 5.400000 5.400000
0164 5.433333 P 5138 5.433333 5.433333 5.433333
0165 5.466667 P 5719 5.466667 5.466667 5.466667
0166 5.500000 P 5875 5.500000 5.500000 5.500000
0167 5.533333 P 161 5.533333 5.533333 5.533333
0168 5.566667 P 5943 5.566667 5.566667 5.566667
0169 5.600000 I 33967 5.600000 5.600000 5.600000
0170 5.633333 P 5354 5.633333 5.633333 5.633333
0171 5.666667 P 5988 5.666667 5.666667 5.666667
0172 5.700000 P 6166 5.700000 5.700000 5.700000
0173 5.733333 P 204 5.733333 5.733333 5.733333
0174 5.766667 P 6799 5.766667 5.766667 5.766667
0175 5.800000 P 6538 5.800000 5.800000 5.800000
0176 5.833333 P 6080 5.833333 5.833333 5.833333
0177 5.866667 I 35064 5.866667 5.866667 5.866667
0178 5.900000 P 5693 5.900000 5.900000 5.900000
0179 5.933333 P 249 5.933333 5.933333 5.933333
0180 5.966667 P 5709 5.966667 5.966667 5.966667
0181 6.000000 P 7233 6.000000 6.000000 6.000000
0182 6.033333 P 7878 6.033333 6.033333 6.033333
0183 6.066667 P 7818 6.066667 6.066667 6.066667
0184 6.100000 P 6906 6.100000 6.100000 6.100000
0185 6.133333 I 35682 6.133333 6.133333 6.133333
0186 6.166667 P 6084 6.166667 6.166667 6.166667
0187 6.200000 P 6541 6.200000 6.200000 6.200000
0188 6.233333 P 6338 6.233333 6.233333 6.233333
0189 6.266667 P 6469 6.266667 6.266667 6.266667
0190 6.300000 P 6393 6.300000 6.300000 6.300000
0191 6.333333 P 276 6.333333 6.333333 6.333333
0192 6.366667 P 6702 6.366667 6.366667 6.366667
0193 6.400000 I 36503 6.400000 6.400000 6.400000
0194 6.433333 P 4216 6.433333 6.433333 6.433333
0195 6.466667 P 5734 6.466667 6.466667 6.466667
0196 6.500000 P 6261 6.500000 6.500000 6.500000
0197 6.533333 P 158 6.533333 6.533333 6.533333
0198 6.566667 P 6629 6.566667 6.566667 6.566667
0199 6.600000 P 6449 6.600000 6.600000 6.600000
0200 6.633333 P 6568 6.633333 6.633333 6.633333
0201 6.666667 I 35834 6.666667 6.666667 6.666667
0202 6.700000 P 5906 6.700000 6.700000 6.700000
0203 6.733333 P 219 6.733333 6.733333 6.733333
0204 6.766667 P 6141 6.766667 6.766667 6.766667
0205 6.800000 P 6429 6.800000 6.800000 6.800000
0206 6.833333 P 6446 6.833333 6.833333 6.833333
0207 6.866667 P 6511 6.866667 6.866667 6.866667
0208 6.900000 P 7030 6.900000 6.900000 6.900000
0209 6.933333 I 35913 6.933333 6.933333 6.933333
0210 6.966667 P 4651 6.966667 6.966667 6.966667
0211 7.000000 P 5792 7.000000 7.000000 7.000000
0212 7.033333 P 5765 7.033333 7.033333 7.033333
0213 7.066667 P 6237 7.066667 7.066667 7.066667
0214 7.100000 P 5928 7.100000 7.100000 7.100000
0215 7.133333 P 191 7.133333 7.133333 7.133333
0216 7.166667 P 6605 7.166667 7.166667 7.166667
0217 7.200000 I 35179 7.200000 7.200000 7.200000
0218 7.233333 P 5215 7.233333 7.233333 7.233333
0219 7.266667 P 5667 7.266667 7.266667 7.266667
0220 7.300000 P 5815 7.300000 7.300000 7.300000
0221 7.333333 P 191 7.333333 7.333333 7.333333
0222 7.366667 P 6413 7.366667 7.366667 7.366667
0223 7.400000 P 6368 7.400000 7.400000 7.400000
0224 7.433333 P 6537 7.433333 7.433333 7.433333
0225 7.466667 I 34996 7.466667 7.466667 7.466667
0226 7.500000 P 4973 7.500000 7.500000 7.500000
0227 7.533333 P 135 7.533333 7.533333 7.533333
0228 7.566667 P 5571 7.566667 7.566667 7.566667
0229 7.600000 P 5196 7.600000 7.600000 7.600000
0230 7.633333 P 6162 7.633333 7.633333 7.633333
0231 7.666667 P 5429 7.666667 7.666667 7.666667
0232 7.700000 P 5402 7.700000 7.700000 7.700000
0233 7.733333 I 34556 7.733333 7.733333 7.733333
0234 7.766667 P 5478 7.766667 7.766667 7.766667
0235 7.800000 P 4839 7.800000 7.800000 7.800000
0236 7.833333 P 5510 7.833333 7.833333 7.833333
0237 7.866667 P 5795 7.866667 7.866667 7.866667
0238 7.900000 P 6186 7.900000 7.900000 7.900000
0239 7.933333 P 209 7.933333 7.933333 7.933333
0240 7.966667 P 7162 7.966667 7.966667 7.966667
0241 8.000000 I 35110 8.000000 8.000000 8.000000
0242 8.033333 P 4706 8.033333 8.033333 8.033333
0243 8.066667 P 5190 8.066667 8.066667 8.066667
0244 8.100000 P 5799 8.100000 8.100000 8.100000
0245 8.133333 P 147 8.133333 8.133333 8.133333
0246 8.166667 P 6648 8.166667 8.166667 8.166667
0247 8.200000 P 6965 8.200000 8.200000 8.200000
0248 8.233333 P 6427 8.233333 8.233333 8.233333
0249 8.266667 I 35438 8.266667 8.266667 8.266667
0250 8.300000 P 4758 8.300000 8.300000 8.300000
0251 8.333333 P 215 8.333333 8.333333 8.333333
0252 8.366667 P 5040 8.366667 8.366667 8.366667
0253 8.400000 P 5635 8.400000 8.400000 8.400000
0254 8.433333 P 6741 8.433333 8.433333 8.433333
0255 8.466667 P 7158 8.466667 8.466667 8.466667
0256 8.500000 P 6830 8.500000 8.500000 8.500000
0257 8.533333 I 36361 8.533333 8.533333 8.533333
0258 8.566667 P 5966 8.566667 8.566667 8.566667
0259 8.600000 P 5698 8.600000 8.600000 8.600000
0260 8.633333 P 6031 8.633333 8.633333 8.633333
0261 8.666667 P 6640 8.666667 8.666667 8.666667
0262 8.700000 P 6492 8.700000 8.700000 8.700000
0263 8.733333 P 237 8.733333 8.733333 8.733333
0264 8.766667 P 6891 8.766667 8.766667 8.766667
0265 8.800000 I 35801 8.800000 8.800000 8.800000
0266 8.833333 P 5917 8.833333 8.833333 8.833333
0267 8.866667 P 5916 8.866667 8.866667 8.866667
0268 8.900000 P 5876 8.900000 8.900000 8.900000
0269 8.933333 P 148 8.933333 8.933333 8.933333
0270 8.966667 P 6249 8.966667 8.966667 8.966667
0271 9.000000 P 6828 9.000000 9.000000 9.000000
0272 9.033333 P 6959 9.033333 9.033333 9.033333
0273 9.066667 I 35853 9.066667 9.066667 9.066667
0274 9.100000 P 5247 9.100000 9.100000 9.100000
0275 9.133333 P 204 9.133333 9.133333 9.133333
0276 9.166667 P 6112 9.166667 9.166667 9.166667
0277 9.200000 P 6486 9.200000 9.200000 9.200000
0278 9.233333 P 5541 9.233333 9.233333 9.233333
0279 9.266667 P 6247 9.266667 9.266667 9.266667
0280 9.300000 P 6399 9.300000 9.300000 9.300000
0281 9.333333 I 35118 9.333333 9.333333 9.333333
0282 9.366667 P 5436 9.366667 9.366667 9.366667
0283 9.400000 P 5865 9.400000 9.400000 9.400000
0284 9.433333 P 5920 9.433333 9.433333 9.433333
0285 9.466667 P 6167 9.466667 9.466667 9.466667
0286 9.500000 P 6451 9.500000 9.500000 9.500000
0287 9.533333 P 206 9.533333 9.533333 9.533333
0288 9.566667 P 6898 9.566667 9.566667 9.566667
0289 9.600000 I 35156 9.600000 9.600000 9.600000
0290 9.633333 P 5160 9.633333 9.633333 9.633333
0291 9.666667 P 5725 9.666667 9.666667 9.666667
0292 9.700000 P 6270 9.700000 9.700000 9.700000
0293 9.733333 P 186 9.733333 9.733333 9.733333
0294 9.766667 P 5998 9.766667 9.766667 9.766667
0295 9.800000 P 6027 9.800000 9.800000 9.800000
0296 9.833333 P 6070 9.833333 9.833333 9.833333
0297 9.866667 I 33611 9.866667 9.866667 9.866667
0298 9.900000 P 5058 9.900000 9.900000 9.900000
0299 9.933333 P 192 9.933333 9.933333 9.933333
0300 9.966667 P 4848 9.966667 9.966667 9.966667
0301 10.000000 P 5539 10.000000 10.000000 10.000000
0302 10.033333 P 7431 10.033333 10.033333 10.033333
0303 10.066667 P 8061 10.066667 10.066667 10.066667
0304 10.100000 P 6711 10.100000 10.100000 10.100000
0305 10.133333 I 34721 10.133333 10.133333 10.133333
0306 10.166667 P 4811 10.166667 10.166667 10.166667
0307 10.200000 P 4629 10.200000 10.200000 10.200000
0308 10.233333 P 5522 10.233333 10.233333 10.233333
0309 10.266667 P 6231 10.266667 10.266667 10.266667
0310 10.300000 P 7017 10.300000 10.300000 10.300000
0311 10.333333 P 259 10.333333 10.333333 10.333333
0312 10.366667 P 7518 10.366667 10.366667 10.366667
0313 10.400000 I 36009 10.400000 10.400000 10.400000
0314 10.433333 P 5783 10.433333 10.433333 10.433333
0315 10.466667 P 5931 10.466667 10.466667 10.466667
0316 10.500000 P 5987 10.500000 10.500000 10.500000
0317 10.533333 P 210 10.533333 10.533333 10.533333
0318 10.566667 P 6529 10.566667 10.566667 10.566667
0319 10.600000 P 6335 10.600000 10.600000 10.600000
0320 10.633333 P 6734 10.633333 10.633333 10.633333
0321 10.666667 I 35950 10.666667 10.666667 10.666667
0322 10.700000 P 5526 10.700000 10.700000 10.700000
0323 10.733333 P 184 10.733333 10.733333 10.733333
0324 10.766667 P 6146 10.766667 10.766667 10.766667
0325 10.800000 P 6259 10.800000 10.800000 10.800000
0326 10.833333 P 6419 10.833333 10.833333 10.833333
0327 10.866667 P 6668 10.866667 10.866667 10.866667
0328 10.900000 P 6689 10.900000 10.900000 10.900000
0329 10.933333 I 35669 10.933333 10.933333 10.933333
0330 10.966667 P 5596 10.966667 10.966667 10.966667
0331 11.000000 P 5764 11.000000 11.000000 11.000000
0332 11.033333 P 5895 11.033333 11.033333 11.033333
0333 11.066667 P 6260 11.066667 11.066667 11.066667
0334 11.100000 P 5971 11.100000 11.100000 11.100000
0335 11.133333 P 228 11.133333 11.133333 11.133333
0336 11.166667 P 6646 11.166667 11.166667 11.166667
0337 11.200000 I 34937 11.200000 11.200000 11.200000
0338 11.233333 P 5130 11.233333 11.233333 11.233333
0339 11.266667 P 6243 11.266667 11.266667 11.266667
0340 11.300000 P 6552 11.300000 11.300000 11.300000
0341 11.333333 P 267 11.333333 11.333333 11.333333
0342 11.366667 P 6574 11.366667 11.366667 11.366667
0343 11.400000 P 7244 11.400000 11.400000 11.400000
0344 11.433333 P 6755 11.433333 11.433333 11.433333
0345 11.466667 I 35210 11.466667 11.466667 11.466667
0346 11.500000 P 4971 11.500000 11.500000 11.500000
0347 11.533333 P 178 11.533333 11.533333 11.533333
0348 11.566667 P 5309 11.566667 11.566667 11.566667
0349 11.600000 P 5643 11.600000 11.600000 11.600000
0350 11.633333 P 6240 11.633333 11.633333 11.633333
0351 11.666667 P 6340 11.666667 11.666667 11.666667
0352 11.700000 P 7810 11.700000 11.700000 11.700000
0353 11.733333 I 35509 11.733333 11.733333 11.733333
0354 11.766667 P 5544 11.766667 11.766667 11.766667
0355 11.800000 P 6173 11.800000 11.800000 11.800000
0356 11.833333 P 6203 11.833333 11.833333 11.833333
0357 11.866667 P 6381 11.866667 11.866667 11.866667
0358 11.900000 P 6578 11.900000 11.900000 11.900000
0359 11.933333 P 232 11.933333 11.933333 11.933333
0360 11.966667 P 7529 11.966667 11.966667 11.966667
