0001 0.000000 I 13728 0.000000 0.000000 0.000000
0002 0.033000 P 7594 0.033000 0.033000 0.033000
0003 0.067000 P 6899 0.067000 0.067000 0.067000
0004 0.100000 P 6920 0.100000 0.100000 0.100000
0005 0.133000 P 6790 0.133000 0.133000 0.133000
0006 0.167000 P 6846 0.167000 0.167000 0.167000
0007 0.200000 P 6895 0.200000 0.200000 0.200000
0008 0.233000 P 6876 0.233000 0.233000 0.233000
0009 0.267000 I 13799 0.267000 0.267000 0.267000
0010 0.300000 P 7525 0.300000 0.300000 0.300000
0011 0.333000 P 6959 0.333000 0.333000 0.333000
0012 0.367000 P 6683 0.367000 0.367000 0.367000
0013 0.400000 P 6861 0.400000 0.400000 0.400000
0014 0.433000 P 6709 0.433000 0.433000 0.433000
0015 0.467000 P 6815 0.467000 0.467000 0.467000
0016 0.500000 P 6887 0.500000 0.500000 0.500000
0017 0.533000 I 13877 0.533000 0.533000 0.533000
0018 0.567000 P 8246 0.567000 0.567000 0.567000
0019 0.600000 P 7638 0.600000 0.600000 0.600000
0020 0.633000 P 7560 0.633000 0.633000 0.633000
0021 0.667000 P 7653 0.667000 0.667000 0.667000
0022 0.700000 P 7633 0.700000 0.700000 0.700000
0023 0.733000 P 7565 0.733000 0.733000 0.733000
0024 0.767000 P 7655 0.767000 0.767000 0.767000
0025 0.800000 I 14581 0.800000 0.800000 0.800000
0026 0.833000 P 8438 0.833000 0.833000 0.833000
0027 0.867000 P 7927 0.867000 0.867000 0.867000
0028 0.900000 P 7948 0.900000 0.900000 0.900000
0029 0.933000 P 8066 0.933000 0.933000 0.933000
0030 0.967000 P 7757 0.967000 0.967000 0.967000
0031 1.000000 P 7791 1.000000 1.000000 1.000000
0032 1.033000 P 7649 1.033000 1.033000 1.033000
0033 1.067000 I 14248 1.067000 1.067000 1.067000
0034 1.100000 P 8444 1.100000 1.100000 1.100000
0035 1.133000 P 7968 1.133000 1.133000 1.133000
0036 1.167000 P 8016 1.167000 1.167000 1.167000
0037 1.200000 P 7888 1.200000 1.200000 1.200000
0038 1.233000 P 7951 1.233000 1.233000 1.233000
0039 1.267000 P 7841 1.267000 1.267000 1.267000
0040 1.300000 P 7649 1.300000 1.300000 1.300000
0041 1.333000 I 14424 1.333000 1.333000 1.333000
0042 1.367000 P 8424 1.367000 1.367000 1.367000
0043 1.400000 P 8109 1.400000 1.400000 1.400000
0044 1.433000 P 7897 1.433000 1.433000 1.433000
0045 1.467000 P 7865 1.467000 1.467000 1.467000
0046 1.500000 P 7974 1.500000 1.500000 1.500000
0047 1.533000 P 7917 1.533000 1.533000 1.533000
0048 1.567000 P 7643 1.567000 1.567000 1.567000
0049 1.600000 I 14358 1.600000 1.600000 1.600000
0050 1.633000 P 8704 1.633000 1.633000 1.633000
0051 1.667000 P 8069 1.667000 1.667000 1.667000
0052 1.700000 P 7690 1.700000 1.700000 1.700000
0053 1.733000 P 7792 1.733000 1.733000 1.733000
0054 1.767000 P 7899 1.767000 1.767000 1.767000
0055 1.800000 P 7511 1.800000 1.800000 1.800000
0056 1.833000 P 7405 1.833000 1.833000 1.833000
0057 1.867000 I 14297 1.867000 1.867000 1.867000
0058 1.900000 P 8333 1.900000 1.900000 1.900000
0059 1.933000 P 7705 1.933000 1.933000 1.933000
0060 1.967000 P 7610 1.967000 1.967000 1.967000
0061 2.000000 P 7860 2.000000 2.000000 2.000000
0062 2.033000 P 7745 2.033000 2.033000 2.033000
0063 2.067000 P 7727 2.067000 2.067000 2.067000
0064 2.100000 P 7708 2.100000 2.100000 2.100000
0065 2.133000 I 14394 2.133000 2.133000 2.133000
0066 2.167000 P 8251 2.167000 2.167000 2.167000
0067 2.200000 P 7855 2.200000 2.200000 2.200000
0068 2.233000 P 7733 2.233000 2.233000 2.233000
0069 2.267000 P 7595 2.267000 2.267000 2.267000
0070 2.300000 P 7628 2.300000 2.300000 2.300000
0071 2.333000 P 7520 2.333000 2.333000 2.333000
0072 2.367000 P 7351 2.367000 2.367000 2.367000
0073 2.400000 I 14444 2.400000 2.400000 2.400000
0074 2.433000 P 8394 2.433000 2.433000 2.433000
0075 2.467000 P 7746 2.467000 2.467000 2.467000
0076 2.500000 P 7645 2.500000 2.500000 2.500000
0077 2.533000 P 7795 2.533000 2.533000 2.533000
0078 2.567000 P 7762 2.567000 2.567000 2.567000
0079 2.600000 P 7695 2.600000 2.600000 2.600000
0080 2.633000 P 7592 2.633000 2.633000 2.633000
0081 2.667000 I 14431 2.667000 2.667000 2.667000
0082 2.700000 P 8567 2.700000 2.700000 2.700000
0083 2.733000 P 7944 2.733000 2.733000 2.733000
0084 2.767000 P 7667 2.767000 2.767000 2.767000
0085 2.800000 P 7753 2.800000 2.800000 2.800000
0086 2.833000 P 7538 2.833000 2.833000 2.833000
0087 2.867000 P 7633 2.867000 2.867000 2.867000
0088 2.900000 P 7806 2.900000 2.900000 2.900000
0089 2.933000 I 14382 2.933000 2.933000 2.933000
0090 2.967000 P 8651 2.967000 2.967000 2.967000
0091 3.000000 P 8321 3.000000 3.000000 3.000000
0092 3.033000 P 8059 3.033000 3.033000 3.033000
0093 3.067000 P 8075 3.067000 3.067000 3.067000
0094 3.100000 P 7930 3.100000 3.100000 3.100000
0095 3.133000 P 7790 3.133000 3.133000 3.133000
0096 3.167000 P 7463 3.167000 3.167000 3.167000
0097 3.200000 I 14596 3.200000 3.200000 3.200000
0098 3.233000 P 8583 3.233000 3.233000 3.233000
0099 3.267000 P 7973 3.267000 3.267000 3.267000
0100 3.300000 P 7894 3.300000 3.300000 3.300000
0101 3.333000 P 7803 3.333000 3.333000 3.333000
0102 3.367000 P 7742 3.367000 3.367000 3.367000
0103 3.400000 P 7722 3.400000 3.400000 3.400000
0104 3.433000 P 7456 3.433000 3.433000 3.433000
0105 3.467000 I 14577 3.467000 3.467000 3.467000
0106 3.500000 P 8327 3.500000 3.500000 3.500000
0107 3.533000 P 7734 3.533000 3.533000 3.533000
0108 3.567000 P 7713 3.567000 3.567000 3.567000
0109 3.600000 P 7475 3.600000 3.600000 3.600000
0110 3.633000 P 7711 3.633000 3.633000 3.633000
0111 3.667000 P 7568 3.667000 3.667000 3.667000
0112 3.700000 P 7400 3.700000 3.700000 3.700000
0113 3.733000 I 14634 3.733000 3.733000 3.733000
0114 3.767000 P 8377 3.767000 3.767000 3.767000
0115 3.800000 P 7437 3.800000 3.800000 3.800000
0116 3.833000 P 7422 3.833000 3.833000 3.833000
0117 3.867000 P 7413 3.867000 3.867000 3.867000
0118 3.900000 P 7299 3.900000 3.900000 3.900000
0119 3.933000 P 7199 3.933000 3.933000 3.933000
0120 3.967000 P 7204 3.967000 3.967000 3.967000
0121 4.000000 I 14762 4.000000 4.000000 4.000000
0122 4.033000 P 8266 4.033000 4.033000 4.033000
0123 4.067000 P 7760 4.067000 4.067000 4.067000
0124 4.100000 P 7592 4.100000 4.100000 4.100000
0125 4.133000 P 7535 4.133000 4.133000 4.133000
0126 4.167000 P 7530 4.167000 4.167000 4.167000
0127 4.200000 P 7743 4.200000 4.200000 4.200000
0128 4.233000 P 7245 4.233000 4.233000 4.233000
0129 4.267000 I 14734 4.267000 4.267000 4.267000
0130 4.300000 P 8363 4.300000 4.300000 4.300000
0131 4.333000 P 7858 4.333000 4.333000 4.333000
0132 4.367000 P 7850 4.367000 4.367000 4.367000
0133 4.400000 P 7556 4.400000 4.400000 4.400000
0134 4.433000 P 7563 4.433000 4.433000 4.433000
0135 4.467000 P 7562 4.467000 4.467000 4.467000
0136 4.500000 P 7442 4.500000 4.500000 4.500000
0137 4.533000 I 14348 4.533000 4.533000 4.533000
0138 4.567000 P 8311 4.567000 4.567000 4.567000
0139 4.600000 P 7635 4.600000 4.600000 4.600000
0140 4.633000 P 7618 4.633000 4.633000 4.633000
0141 4.667000 P 7625 4.667000 4.667000 4.667000
0142 4.700000 P 7643 4.700000 4.700000 4.700000
0143 4.733000 P 7721 4.733000 4.733000 4.733000
0144 4.767000 P 7407 4.767000 4.767000 4.767000
0145 4.800000 I 14506 4.800000 4.800000 4.800000
0146 4.833000 P 8322 4.833000 4.833000 4.833000
0147 4.867000 P 7693 4.867000 4.867000 4.867000
0148 4.900000 P 7698 4.900000 4.900000 4.900000
0149 4.933000 P 7914 4.933000 4.933000 4.933000
0150 4.967000 P 7988 4.967000 4.967000 4.967000
0151 5.000000 P 7692 5.000000 5.000000 5.000000
0152 5.033000 P 7685 5.033000 5.033000 5.033000
0153 5.067000 I 14295 5.067000 5.067000 5.067000
0154 5.100000 P 8506 5.100000 5.100000 5.100000
0155 5.133000 P 8030 5.133000 5.133000 5.133000
0156 5.167000 P 7979 5.167000 5.167000 5.167000
0157 5.200000 P 7718 5.200000 5.200000 5.200000
0158 5.233000 P 7957 5.233000 5.233000 5.233000
0159 5.267000 P 7589 5.267000 5.267000 5.267000
0160 5.300000 P 7232 5.300000 5.300000 5.300000
0161 5.333000 I 14359 5.333000 5.333000 5.333000
0162 5.367000 P 8342 5.367000 5.367000 5.367000
0163 5.400000 P 7933 5.400000 5.400000 5.400000
0164 5.433000 P 7642 5.433000 5.433000 5.433000
0165 5.467000 P 7772 5.467000 5.467000 5.467000
0166 5.500000 P 7738 5.500000 5.500000 5.500000
0167 5.533000 P 7368 5.533000 5.533000 5.533000
0168 5.567000 P 7259 5.567000 5.567000 5.567000
0169 5.600000 I 14459 5.600000 5.600000 5.600000
0170 5.633000 P 8288 5.633000 5.633000 5.633000
0171 5.667000 P 7892 5.667000 5.667000 5.667000
0172 5.700000 P 7850 5.700000 5.700000 5.700000
0173 5.733000 P 7848 5.733000 5.733000 5.733000
0174 5.767000 P 7762 5.767000 5.767000 5.767000
0175 5.800000 P 7489 5.800000 5.800000 5.800000
0176 5.833000 P 7379 5.833000 5.833000 5.833000
0177 5.867000 I 14567 5.867000 5.867000 5.867000
0178 5.900000 P 8648 5.900000 5.900000 5.900000
0179 5.933000 P 7923 5.933000 5.933000 5.933000
0180 5.967000 P 7648 5.967000 5.967000 5.967000
0181 6.000000 P 7683 6.000000 6.000000 6.000000
0182 6.033000 P 7654 6.033000 6.033000 6.033000
0183 6.067000 P 7607 6.067000 6.067000 6.067000
0184 6.100000 P 7186 6.100000 6.100000 6.100000
0185 6.133000 I 14429 6.133000 6.133000 6.133000
0186 6.167000 P 8274 6.167000 6.167000 6.167000
0187 6.200000 P 7973 6.200000 6.200000 6.200000
0188 6.233000 P 7757 6.233000 6.233000 6.233000
0189 6.267000 P 7731 6.267000 6.267000 6.267000
0190 6.300000 P 7903 6.300000 6.300000 6.300000
0191 6.333000 P 7588 6.333000 6.333000 6.333000
0192 6.367000 P 7292 6.367000 6.367000 6.367000
0193 6.400000 I 14525 6.400000 6.400000 6.400000
0194 6.433000 P 8232 6.433000 6.433000 6.433000
0195 6.467000 P 7788 6.467000 6.467000 6.467000
0196 6.500000 P 7953 6.500000 6.500000 6.500000
0197 6.533000 P 7591 6.533000 6.533000 6.533000
0198 6.567000 P 7406 6.567000 6.567000 6.567000
0199 6.600000 P 7607 6.600000 6.600000 6.600000
0200 6.633000 P 7566 6.633000 6.633000 6.633000
0201 6.667000 I 14480 6.667000 6.667000 6.667000
0202 6.700000 P 8573 6.700000 6.700000 6.700000
0203 6.733000 P 7930 6.733000 6.733000 6.733000
0204 6.767000 P 7881 6.767000 6.767000 6.767000
0205 6.800000 P 7960 6.800000 6.800000 6.800000
0206 6.833000 P 7815 6.833000 6.833000 6.833000
0207 6.867000 P 7586 6.867000 6.867000 6.867000
0208 6.900000 P 7283 6.900000 6.900000 6.900000
0209 6.933000 I 14476 6.933000 6.933000 6.933000
0210 6.967000 P 8229 6.967000 6.967000 6.967000
0211 7.000000 P 8078 7.000000 7.000000 7.000000
0212 7.033000 P 8024 7.033000 7.033000 7.033000
0213 7.067000 P 7741 7.067000 7.067000 7.067000
0214 7.100000 P 7830 7.100000 7.100000 7.100000
0215 7.133000 P 7663 7.133000 7.133000 7.133000
0216 7.167000 P 7371 7.167000 7.167000 7.167000
0217 7.200000 I 14312 7.200000 7.200000 7.200000
0218 7.233000 P 8103 7.233000 7.233000 7.233000
0219 7.267000 P 7916 7.267000 7.267000 7.267000
0220 7.300000 P 7772 7.300000 7.300000 7.300000
0221 7.333000 P 7842 7.333000 7.333000 7.333000
0222 7.367000 P 7969 7.367000 7.367000 7.367000
0223 7.400000 P 7733 7.400000 7.400000 7.400000
0224 7.433000 P 7331 7.433000 7.433000 7.433000
0225 7.467000 I 14338 7.467000 7.467000 7.467000
0226 7.500000 P 8306 7.500000 7.500000 7.500000
0227 7.533000 P 8054 7.533000 7.533000 7.533000
0228 7.567000 P 7809 7.567000 7.567000 7.567000
0229 7.600000 P 8132 7.600000 7.600000 7.600000
0230 7.633000 P 7942 7.633000 7.633000 7.633000
0231 7.667000 P 7723 7.667000 7.667000 7.667000
0232 7.700000 P 7725 7.700000 7.700000 7.700000
0233 7.733000 I 14531 7.733000 7.733000 7.733000
0234 7.767000 P 8794 7.767000 7.767000 7.767000
0235 7.800000 P 8347 7.800000 7.800000 7.800000
0236 7.833000 P 7988 7.833000 7.833000 7.833000
0237 7.867000 P 7931 7.867000 7.867000 7.867000
0238 7.900000 P 7727 7.900000 7.900000 7.900000
0239 7.933000 P 7666 7.933000 7.933000 7.933000
0240 7.967000 P 7439 7.967000 7.967000 7.967000
0241 8.000000 I 14521 8.000000 8.000000 8.000000
0242 8.033000 P 8572 8.033000 8.033000 8.033000
0243 8.067000 P 7711 8.067000 8.067000 8.067000
0244 8.100000 P 7896 8.100000 8.100000 8.100000
0245 8.133000 P 7717 8.133000 8.133000 8.133000
0246 8.167000 P 7430 8.167000 8.167000 8.167000
0247 8.200000 P 7574 8.200000 8.200000 8.200000
0248 8.233000 P 7428 8.233000 8.233000 8.233000
0249 8.267000 I 14540 8.267000 8.267000 8.267000
0250 8.300000 P 8176 8.300000 8.300000 8.300000
0251 8.333000 P 7680 8.333000 8.333000 8.333000
0252 8.367000 P 7438 8.367000 8.367000 8.367000
0253 8.400000 P 7733 8.400000 8.400000 8.400000
0254 8.433000 P 7629 8.433000 8.433000 8.433000
0255 8.467000 P 7529 8.467000 8.467000 8.467000
0256 8.500000 P 7406 8.500000 8.500000 8.500000
0257 8.533000 I 14370 8.533000 8.533000 8.533000
0258 8.567000 P 8050 8.567000 8.567000 8.567000
0259 8.600000 P 7490 8.600000 8.600000 8.600000
0260 8.633000 P 7587 8.633000 8.633000 8.633000
0261 8.667000 P 7481 8.667000 8.667000 8.667000
0262 8.700000 P 7713 8.700000 8.700000 8.700000
0263 8.733000 P 7745 8.733000 8.733000 8.733000
0264 8.767000 P 7416 8.767000 8.767000 8.767000
0265 8.800000 I 14293 8.800000 8.800000 8.800000
0266 8.833000 P 8310 8.833000 8.833000 8.833000
0267 8.867000 P 7637 8.867000 8.867000 8.867000
0268 8.900000 P 7812 8.900000 8.900000 8.900000
0269 8.933000 P 7728 8.933000 8.933000 8.933000
0270 8.967000 P 7834 8.967000 8.967000 8.967000
0271 9.000000 P 7486 9.000000 9.000000 9.000000
0272 9.033000 P 7482 9.033000 9.033000 9.033000
0273 9.067000 I 14400 9.067000 9.067000 9.067000
0274 9.100000 P 8301 9.100000 9.100000 9.100000
0275 9.133000 P 7962 9.133000 9.133000 9.133000
0276 9.167000 P 7401 9.167000 9.167000 9.167000
0277 9.200000 P 7929 9.200000 9.200000 9.200000
0278 9.233000 P 7569 9.233000 9.233000 9.233000
0279 9.267000 P 7652 9.267000 9.267000 9.267000
0280 9.300000 P 7568 9.300000 9.300000 9.300000
0281 9.333000 I 14342 9.333000 9.333000 9.333000
0282 9.367000 P 8546 9.367000 9.367000 9.367000
0283 9.400000 P 7620 9.400000 9.400000 9.400000
0284 9.433000 P 7767 9.433000 9.433000 9.433000
0285 9.467000 P 7536 9.467000 9.467000 9.467000
0286 9.500000 P 7661 9.500000 9.500000 9.500000
0287 9.533000 P 7746 9.533000 9.533000 9.533000
0288 9.567000 P 7579 9.567000 9.567000 9.567000
0289 9.600000 I 14213 9.600000 9.600000 9.600000
0290 9.633000 P 8404 9.633000 9.633000 9.633000
0291 9.667000 P 7973 9.667000 9.667000 9.667000
0292 9.700000 P 7866 9.700000 9.700000 9.700000
0293 9.733000 P 7981 9.733000 9.733000 9.733000
0294 9.767000 P 7618 9.767000 9.767000 9.767000
0295 9.800000 P 7493 9.800000 9.800000 9.800000
0296 9.833000 P 7518 9.833000 9.833000 9.833000
0297 9.867000 I 14296 9.867000 9.867000 9.867000
0298 9.900000 P 9381 9.900000 9.900000 9.900000
0299 9.933000 P 8985 9.933000 9.933000 9.933000
0300 9.967000 P 8600 9.967000 9.967000 9.967000
