0001 0.000000 I 30974 0.000000 0.000000 0.000000
0002 0.040000 P 7709 0.040000 0.040000 0.040000
0003 0.080000 P 8118 0.080000 0.080000 0.080000
0004 0.120000 P 7883 0.120000 0.120000 0.120000
0005 0.160000 P 8310 0.160000 0.160000 0.160000
0006 0.200000 P 8235 0.200000 0.200000 0.200000
0007 0.240000 P 8542 0.240000 0.240000 0.240000
0008 0.280000 P 8210 0.280000 0.280000 0.280000
0009 0.320000 I 30493 0.320000 0.320000 0.320000
0010 0.360000 P 7526 0.360000 0.360000 0.360000
0011 0.400000 P 7902 0.400000 0.400000 0.400000
0012 0.440000 P 7918 0.440000 0.440000 0.440000
0013 0.480000 P 8092 0.480000 0.480000 0.480000
0014 0.520000 P 8156 0.520000 0.520000 0.520000
0015 0.560000 P 8339 0.560000 0.560000 0.560000
0016 0.600000 P 8526 0.600000 0.600000 0.600000
0017 0.640000 I 30520 0.640000 0.640000 0.640000
0018 0.680000 P 8136 0.680000 0.680000 0.680000
0019 0.720000 P 8350 0.720000 0.720000 0.720000
0020 0.760000 P 8321 0.760000 0.760000 0.760000
0021 0.800000 P 8622 0.800000 0.800000 0.800000
0022 0.840000 P 8317 0.840000 0.840000 0.840000
0023 0.880000 P 8368 0.880000 0.880000 0.880000
0024 0.920000 P 8585 0.920000 0.920000 0.920000
0025 0.960000 I 30643 0.960000 0.960000 0.960000
0026 1.000000 P 7926 1.000000 1.000000 1.000000
0027 1.040000 P 8623 1.040000 1.040000 1.040000
0028 1.080000 P 8650 1.080000 1.080000 1.080000
0029 1.120000 P 8774 1.120000 1.120000 1.120000
0030 1.160000 P 8786 1.160000 1.160000 1.160000
0031 1.200000 P 8987 1.200000 1.200000 1.200000
0032 1.240000 P 8821 1.240000 1.240000 1.240000
0033 1.280000 I 30912 1.280000 1.280000 1.280000
0034 1.320000 P 8266 1.320000 1.320000 1.320000
0035 1.360000 P 8721 1.360000 1.360000 1.360000
0036 1.400000 P 8896 1.400000 1.400000 1.400000
0037 1.440000 P 9122 1.440000 1.440000 1.440000
0038 1.480000 P 8899 1.480000 1.480000 1.480000
0039 1.520000 P 9215 1.520000 1.520000 1.520000
0040 1.560000 P 9309 1.560000 1.560000 1.560000
0041 1.600000 I 31074 1.600000 1.600000 1.600000
0042 1.640000 P 8973 1.640000 1.640000 1.640000
0043 1.680000 P 9602 1.680000 1.680000 1.680000
0044 1.720000 P 9518 1.720000 1.720000 1.720000
0045 1.760000 P 9689 1.760000 1.760000 1.760000
0046 1.800000 P 9567 1.800000 1.800000 1.800000
0047 1.840000 P 9459 1.840000 1.840000 1.840000
0048 1.880000 P 9397 1.880000 1.880000 1.880000
0049 1.920000 I 31877 1.920000 1.920000 1.920000
0050 1.960000 P 8466 1.960000 1.960000 1.960000
0051 2.000000 P 9001 2.000000 2.000000 2.000000
0052 2.040000 P 8824 2.040000 2.040000 2.040000
0053 2.080000 P 9001 2.080000 2.080000 2.080000
0054 2.120000 P 8807 2.120000 2.120000 2.120000
0055 2.160000 P 8505 2.160000 2.160000 2.160000
0056 2.200000 P 8824 2.200000 2.200000 2.200000
0057 2.240000 I 31695 2.240000 2.240000 2.240000
0058 2.280000 P 8664 2.280000 2.280000 2.280000
0059 2.320000 P 8823 2.320000 2.320000 2.320000
0060 2.360000 P 8455 2.360000 2.360000 2.360000
0061 2.400000 P 8544 2.400000 2.400000 2.400000
0062 2.440000 P 8640 2.440000 2.440000 2.440000
0063 2.480000 P 8457 2.480000 2.480000 2.480000
0064 2.520000 P 8363 2.520000 2.520000 2.520000
0065 2.560000 I 31644 2.560000 2.560000 2.560000
0066 2.600000 P 7603 2.600000 2.600000 2.600000
0067 2.640000 P 7341 2.640000 2.640000 2.640000
0068 2.680000 P 7081 2.680000 2.680000 2.680000
0069 2.720000 P 6709 2.720000 2.720000 2.720000
0070 2.760000 P 6514 2.760000 2.760000 2.760000
0071 2.800000 P 6829 2.800000 2.800000 2.800000
0072 2.840000 P 6048 2.840000 2.840000 2.840000
0073 2.880000 I 31414 2.880000 2.880000 2.880000
0074 2.920000 P 6284 2.920000 2.920000 2.920000
0075 2.960000 P 6684 2.960000 2.960000 2.960000
0076 3.000000 P 6795 3.000000 3.000000 3.000000
0077 3.040000 P 7383 3.040000 3.040000 3.040000
0078 3.080000 P 7574 3.080000 3.080000 3.080000
0079 3.120000 P 7527 3.120000 3.120000 3.120000
0080 3.160000 P 7168 3.160000 3.160000 3.160000
0081 3.200000 I 31615 3.200000 3.200000 3.200000
0082 3.240000 P 6928 3.240000 3.240000 3.240000
0083 3.280000 P 7407 3.280000 3.280000 3.280000
0084 3.320000 P 7189 3.320000 3.320000 3.320000
0085 3.360000 P 7420 3.360000 3.360000 3.360000
0086 3.400000 P 8279 3.400000 3.400000 3.400000
0087 3.440000 P 8370 3.440000 3.440000 3.440000
0088 3.480000 P 8158 3.480000 3.480000 3.480000
0089 3.520000 I 32036 3.520000 3.520000 3.520000
0090 3.560000 P 7839 3.560000 3.560000 3.560000
0091 3.600000 P 8534 3.600000 3.600000 3.600000
0092 3.640000 P 8356 3.640000 3.640000 3.640000
0093 3.680000 P 8033 3.680000 3.680000 3.680000
0094 3.720000 P 8129 3.720000 3.720000 3.720000
0095 3.760000 P 8104 3.760000 3.760000 3.760000
0096 3.800000 P 8336 3.800000 3.800000 3.800000
0097 3.840000 I 31173 3.840000 3.840000 3.840000
0098 3.880000 P 7152 3.880000 3.880000 3.880000
0099 3.920000 P 8458 3.920000 3.920000 3.920000
0100 3.960000 P 8441 3.960000 3.960000 3.960000
0101 4.000000 P 7996 4.000000 4.000000 4.000000
0102 4.040000 P 8101 4.040000 4.040000 4.040000
0103 4.080000 P 8725 4.080000 4.080000 4.080000
0104 4.120000 P 8833 4.120000 4.120000 4.120000
0105 4.160000 I 31113 4.160000 4.160000 4.160000
0106 4.200000 P 8868 4.200000 4.200000 4.200000
0107 4.240000 P 8985 4.240000 4.240000 4.240000
0108 4.280000 P 8856 4.280000 4.280000 4.280000
0109 4.320000 P 8957 4.320000 4.320000 4.320000
0110 4.360000 P 8606 4.360000 4.360000 4.360000
0111 4.400000 P 8564 4.400000 4.400000 4.400000
0112 4.440000 P 8630 4.440000 4.440000 4.440000
0113 4.480000 I 29476 4.480000 4.480000 4.480000
0114 4.520000 P 7809 4.520000 4.520000 4.520000
0115 4.560000 P 7855 4.560000 4.560000 4.560000
0116 4.600000 P 8118 4.600000 4.600000 4.600000
0117 4.640000 P 7967 4.640000 4.640000 4.640000
0118 4.680000 P 7951 4.680000 4.680000 4.680000
0119 4.720000 P 8101 4.720000 4.720000 4.720000
0120 4.760000 P 7802 4.760000 4.760000 4.760000
0121 4.800000 I 28554 4.800000 4.800000 4.800000
0122 4.840000 P 7307 4.840000 4.840000 4.840000
0123 4.880000 P 7774 4.880000 4.880000 4.880000
0124 4.920000 P 7777 4.920000 4.920000 4.920000
0125 4.960000 P 7945 4.960000 4.960000 4.960000
0126 5.000000 P 7964 5.000000 5.000000 5.000000
0127 5.040000 P 8090 5.040000 5.040000 5.040000
0128 5.080000 P 8182 5.080000 5.080000 5.080000
0129 5.120000 I 27347 5.120000 5.120000 5.120000
0130 5.160000 P 7629 5.160000 5.160000 5.160000
0131 5.200000 P 7771 5.200000 5.200000 5.200000
0132 5.240000 P 7662 5.240000 5.240000 5.240000
0133 5.280000 P 7987 5.280000 5.280000 5.280000
0134 5.320000 P 7737 5.320000 5.320000 5.320000
0135 5.360000 P 7848 5.360000 5.360000 5.360000
0136 5.400000 P 7541 5.400000 5.400000 5.400000
0137 5.440000 I 26408 5.440000 5.440000 5.440000
0138 5.480000 P 7360 5.480000 5.480000 5.480000
0139 5.520000 P 7621 5.520000 5.520000 5.520000
0140 5.560000 P 7614 5.560000 5.560000 5.560000
0141 5.600000 P 7689 5.600000 5.600000 5.600000
0142 5.640000 P 7881 5.640000 5.640000 5.640000
0143 5.680000 P 7945 5.680000 5.680000 5.680000
0144 5.720000 P 7867 5.720000 5.720000 5.720000
0145 5.760000 I 26379 5.760000 5.760000 5.760000
0146 5.800000 P 7401 5.800000 5.800000 5.800000
0147 5.840000 P 7738 5.840000 5.840000 5.840000
0148 5.880000 P 7514 5.880000 5.880000 5.880000
0149 5.920000 P 7819 5.920000 5.920000 5.920000
0150 5.960000 P 7811 5.960000 5.960000 5.960000
